,subject,block,trial,effect,target,key,choice,choice_tcd,rt,pA,pB,pC,mA,mB,mC,pos_A,pos_B,pos_C,pA_top,pB_top,pC_top,fixated_alternatives,fixated_attributes,fixation_durations,predicted_choice,model,rep
7425,36,1,1,attraction,A,M,1,competitor,5250.0,0.72,0.65,0.7,4,15,3,0,1,2,False,False,True,[1 1 1 1 2 2 2 1 1 1 1 0 0 1 1],[1 0 0 0 1 0 0 1 1 0 0 0 1 1 1],"[0.609    0.158    0.208    0.133    0.191    0.575    0.216    0.292
 0.433    0.183    0.125    0.233    0.408    0.442    0.583935]",1,sb_int-additive_comp-vsmean_gbatt-true_gbalt-true_lk-none_inh-free,0
7426,36,1,2,filler,,M,2,,6860.0,0.16,0.46,0.87,62,21,11,2,0,1,False,True,True,[2 2 1 1 1 2 2 0 0 0 2 2 1 1 1 2 2],[0 1 0 0 1 1 0 1 0 1 0 1 1 0 1 0 0],"[0.508    0.317    0.108    0.15     0.267    0.183    0.951    0.375
 0.325    0.217    0.325    0.217    0.283    0.859    0.267    0.15
 0.323491]",2,sb_int-additive_comp-vsmean_gbatt-true_gbalt-true_lk-none_inh-free,0
7427,36,1,3,attraction,B,M,1,target,6640.0,0.75,0.68,0.66,4,14,13,2,1,0,True,False,True,[1 1 1 0 0 0 2 2 2 1 1 1 1 1],[1 1 0 0 1 0 0 0 0 1 0 0 0 1],"[0.976 0.692 0.216 0.25  0.417 0.242 0.15  0.241 0.525 0.642 0.183 0.35
 0.141 0.183]",1,sb_int-additive_comp-vsmean_gbatt-true_gbalt-true_lk-none_inh-free,0
7428,36,1,4,compromise,B,R,1,target,10910.0,0.72,0.62,0.58,4,14,35,0,2,1,False,False,False,[2 2 0 0 0 0 0 0 2 2 1 1 1 1 1 1 2 0 0 0 1 1],[1 1 1 1 1 0 0 1 1 1 1 1 0 0 1 1 1 1 1 0 0 1],"[0.2      0.25     0.183    2.061    1.66     0.116    0.534    0.283
 0.333    0.116    0.809    0.167    0.116    0.333    0.358    1.243
 0.283    0.233    0.375    0.233    0.116    0.062888]",0,sb_int-additive_comp-vsmean_gbatt-true_gbalt-true_lk-none_inh-free,0
7429,36,1,5,attraction,B,M,2,decoy,6970.0,0.72,0.62,0.6,5,15,14,0,2,1,False,False,False,[2 2 2 1 1 1 1 1 2 0 0 0 0 0 2 2 2],[1 0 0 0 0 1 1 0 0 1 1 0 1 1 1 0 1],"[0.809    0.15     0.65     0.425    0.091    0.167    0.475    0.216
 0.467    0.125    0.367    0.433    0.542    0.483    0.65     0.183
 0.196166]",0,sb_int-additive_comp-vsmean_gbatt-true_gbalt-true_lk-none_inh-free,0
7430,36,1,6,attraction,B,L,1,target,6580.0,0.78,0.62,0.6,4,15,14,1,0,2,True,True,True,[0 0 2 2 1 1 1 1 1 0 2 2 2 2 1 1 1 2 2 0 0 1],[0 0 0 0 0 0 1 0 0 0 0 0 1 1 1 1 0 0 0 1 0 0],"[0.267   0.2     0.275   0.292   0.158   0.158   0.275   0.2     0.091
 0.208   0.242   0.233   0.292   0.125   0.175   0.183   0.4     0.25
 0.458   0.375   0.392   0.43336]",0,sb_int-additive_comp-vsmean_gbatt-true_gbalt-true_lk-none_inh-free,0
7431,36,1,7,compromise,B,L,0,competitor,7820.0,0.75,0.65,0.55,5,14,34,0,2,1,True,False,True,[2 2 1 1 1 1 1 0 0 0 2 2 0 0 0 0 1 1 1 1 0 2 2 0 0],[0 0 1 0 0 1 1 1 0 0 0 0 0 1 0 0 0 1 1 1 0 0 0 0 0],"[0.258    0.275    0.191    0.208    0.283    0.091    0.208    0.901
 0.15     0.158    0.15     0.851    0.216    0.25     0.083    0.158
 0.3      0.108    0.442    0.266    0.141    0.125    0.317    0.308
 0.473797]",0,sb_int-additive_comp-vsmean_gbatt-true_gbalt-true_lk-none_inh-free,0
7432,36,1,8,compromise,B,R,1,target,6670.0,0.72,0.68,0.52,5,15,35,0,2,1,True,True,True,[2 2 1 1 1 1 2 0 0 0 0 0 2 1 1 1 1 1 2 2 2 1 1 1 1],[0 0 0 0 1 1 1 1 1 1 0 0 1 1 1 0 0 0 0 1 0 0 1 1 0],"[0.225 0.266 0.267 0.241 0.283 0.35  0.25  0.108 0.175 0.116 0.091 0.216
 0.116 0.133 0.133 0.3   0.217 0.166 0.175 0.25  0.483 0.325 0.684 0.091
 0.316]",1,sb_int-additive_comp-vsmean_gbatt-true_gbalt-true_lk-none_inh-free,0
7433,36,1,9,attraction,B,R,0,competitor,6430.0,0.78,0.65,0.63,5,15,14,2,1,0,True,True,True,[1 1 2 2 1 0 0 0 0 1 2 2 2 2 1 1 0 0 0],[0 0 1 1 1 1 1 0 0 0 0 0 1 1 1 1 1 0 0],"[0.333    0.125    0.191    0.859    0.667    0.133    0.467    0.183
 0.183    0.125    0.4      0.342    0.141    0.2      0.317    0.158
 0.25     0.484    0.330906]",0,sb_int-additive_comp-vsmean_gbatt-true_gbalt-true_lk-none_inh-free,0
7434,36,1,10,compromise,A,R,1,competitor,13020.0,0.75,0.62,0.88,4,15,3,0,2,1,True,True,False,[2 0 0 0 0 2 2 2 1 1 1 1 1 1 1 1 1 1 1 0 0 0 0 1 1 1 1 1 2 2 2 2 2 1],[1 0 1 0 1 0 1 1 0 1 1 1 0 0 0 0 1 1 1 1 1 0 0 0 0 1 1 0 0 0 1 1 1 0],"[0.241    0.275    0.183    0.266    0.183    0.283    0.15     0.292
 0.225    0.275    0.258    0.158    1.159    1.234    0.408    1.985
 0.158    0.242    0.191    0.15     0.233    0.166    0.342    0.292
 0.133    0.183    0.191    0.275    0.125    0.308    0.266    0.25
 0.358    0.497725]",1,sb_int-additive_comp-vsmean_gbatt-true_gbalt-true_lk-none_inh-free,0
7435,36,1,11,compromise,A,M,1,competitor,6760.0,0.75,0.65,0.85,5,15,3,0,1,2,True,False,True,[1 1 0 0 0 0 2 2 1 1 1 1 1],[1 1 1 1 0 0 1 0 1 1 0 0 1],"[0.725    1.827    0.116    0.2      0.1      0.216    0.408    0.367
 0.258    0.434    0.25     0.141    1.180296]",1,sb_int-additive_comp-vsmean_gbatt-true_gbalt-true_lk-none_inh-free,0
7436,36,1,12,compromise,A,M,1,competitor,6020.0,0.78,0.62,0.85,4,15,2,2,1,0,True,False,False,[1 2 2 2 2 1 1 0 0 0 0 1 1 1],[1 1 0 1 1 1 1 0 1 1 1 0 1 1],"[0.191    0.45     2.119    0.125    0.258    0.183    0.317    0.383
 0.091    0.125    0.225    0.233    0.175    0.640733]",1,sb_int-additive_comp-vsmean_gbatt-true_gbalt-true_lk-none_inh-free,0
7437,36,1,13,filler,,M,2,,8580.0,0.32,0.48,0.85,31,20,11,0,2,1,True,False,False,[2 1 2 2 0 0 0 0 0 0 0 0 2 2 2 1 2],[1 1 1 0 1 1 1 0 0 1 0 0 1 0 1 1 1],"[0.2      1.66     0.876    0.166    0.325    0.225    0.208    0.191
 1.109    0.3      0.133    0.183    0.517    0.3      0.275    0.342
 0.691677]",2,sb_int-additive_comp-vsmean_gbatt-true_gbalt-true_lk-none_inh-free,0
7438,36,1,14,compromise,A,R,1,competitor,6610.0,0.78,0.68,0.85,4,15,2,1,2,0,False,True,True,[0 0 1 1 1 1 0 0 2 2 1 1 0],[1 1 0 0 1 1 0 1 1 0 0 0 1],"[0.25     0.133    1.218    1.285    0.242    0.158    0.692    0.175
 0.375    0.358    0.375    0.25     0.167857]",0,sb_int-additive_comp-vsmean_gbatt-true_gbalt-true_lk-none_inh-free,0
7439,36,1,15,compromise,B,M,1,target,6160.0,0.75,0.68,0.55,4,14,34,2,1,0,True,True,True,[1 1 1 1 0 0 2 2 2 2 1 1 1],[0 0 1 0 1 0 1 1 0 0 1 0 0],"[0.509    0.709    0.534    0.283    0.433    0.25     0.141    0.2
 0.383    0.116    0.767    0.267    0.742779]",0,sb_int-additive_comp-vsmean_gbatt-true_gbalt-true_lk-none_inh-free,0
7440,36,1,16,compromise,A,L,0,target,6880.0,0.72,0.68,0.82,5,15,2,0,2,1,True,True,False,[2 1 1 1 1 1 1 2 2 0 0 0 0 0],[1 0 0 1 1 1 1 0 1 1 0 1 1 0],"[0.2      0.575    1.068    0.108    0.242    0.884    0.483    0.559
 0.258    0.158    0.35     0.158    0.517    0.135217]",1,sb_int-additive_comp-vsmean_gbatt-true_gbalt-true_lk-none_inh-free,0
7441,36,1,17,compromise,A,R,0,target,8740.0,0.72,0.68,0.82,5,15,2,2,0,1,False,False,False,[2 2 2 0 0 0 0 1 1 1 1 0 0 0 0 1 1 0 0 0 0],[1 1 1 1 0 0 1 1 1 0 1 1 0 0 1 0 1 1 1 0 1],"[0.433    0.584    0.55     0.692    0.166    0.141    0.175    0.217
 0.208    0.333    0.417    0.6      0.116    0.208    0.125    0.742
 0.25     0.333    0.517    0.216    0.748403]",0,sb_int-additive_comp-vsmean_gbatt-true_gbalt-true_lk-none_inh-free,0
7442,36,1,18,compromise,A,R,0,target,6270.0,0.78,0.65,0.82,5,14,2,2,0,1,False,False,False,[2 2 1 1 1 1 1 2 0 0 0 2 2 2 0 2 2],[1 1 1 1 1 0 1 1 1 0 0 0 1 1 1 1 1],"[0.141    0.175    0.166    1.151    1.293    0.65     0.283    0.167
 0.292    0.083    0.183    0.258    0.158    0.091    0.25     0.25
 0.091586]",1,sb_int-additive_comp-vsmean_gbatt-true_gbalt-true_lk-none_inh-free,0
7443,36,1,19,attraction,A,L,1,competitor,4860.0,0.72,0.65,0.7,4,14,3,2,0,1,True,True,True,[2 1 2 0 2 0 0 1 1 1 1 0 0],[0 0 0 0 0 0 1 1 1 0 1 1 1],"[0.208 0.533 0.175 0.233 0.492 0.308 0.308 0.25  0.2   0.475 0.4   0.133
 0.233]",1,sb_int-additive_comp-vsmean_gbatt-true_gbalt-true_lk-none_inh-free,0
7444,36,1,20,attraction,A,R,0,target,10290.0,0.75,0.65,0.73,5,15,4,2,0,1,False,False,True,[2 2 0 0 2 0 2 2 2 0 1 1 1 1 2 0 0 0 2 1 1 1 0 0],[0 0 1 1 0 0 1 1 0 1 0 0 1 1 0 1 0 1 0 1 0 0 1 1],"[0.1      0.483    0.208    1.493    0.15     0.233    0.183    0.367
 0.267    0.475    0.183    0.191    0.217    0.584    0.233    0.342
 0.216    0.175    0.734    0.325    0.542    1.093    0.091    0.443331]",0,sb_int-additive_comp-vsmean_gbatt-true_gbalt-true_lk-none_inh-free,0
7445,36,1,21,compromise,B,R,0,competitor,8390.0,0.75,0.62,0.58,5,14,35,2,1,0,False,True,True,[1 0 1 1 1 2 2 2 2 2 2 1 1 1 0 1 1 1 1 2 2 2 2 2 0 0 0],[0 1 0 0 1 1 0 0 1 1 1 1 0 0 1 0 0 1 0 0 1 0 0 1 0 1 1],"[0.217 0.108 0.158 0.125 0.133 0.458 0.367 0.425 0.208 0.4   0.175 0.417
 0.233 0.183 0.292 0.258 0.175 0.592 0.592 0.133 0.175 0.108 0.258 0.3
 0.333 0.158 0.4  ]",0,sb_int-additive_comp-vsmean_gbatt-true_gbalt-true_lk-none_inh-free,0
7446,36,1,22,attraction,B,L,1,target,6360.0,0.75,0.65,0.63,4,14,13,1,0,2,False,False,False,[0 2 2 0 0 2 2 1 1 0 2 1 0 0 1],[1 1 0 0 1 1 0 0 1 1 1 0 0 1 1],"[1.326    0.7      0.292    0.383    0.258    0.425    0.216    0.358
 0.525    0.233    0.183    0.116    0.283    0.317    0.112947]",0,sb_int-additive_comp-vsmean_gbatt-true_gbalt-true_lk-none_inh-free,0
7447,36,1,23,compromise,B,L,1,target,10220.0,0.72,0.68,0.58,4,15,35,1,0,2,True,False,True,[0 1 0 0 0 2 2 1 1 1 1 2 2 2 2 2 2 0 0 0 1 1 1 0 0 1],[0 1 0 1 1 1 0 0 0 1 1 0 0 0 1 1 0 0 1 1 0 1 1 0 1 1],"[0.801 1.009 0.584 0.183 0.35  0.225 0.317 0.242 0.125 0.2   0.926 0.25
 0.175 0.592 0.125 0.258 0.091 0.367 0.25  0.116 0.25  0.225 1.118 0.183
 0.325 0.1  ]",1,sb_int-additive_comp-vsmean_gbatt-true_gbalt-true_lk-none_inh-free,0
7448,36,1,24,compromise,B,L,1,target,6450.0,0.72,0.65,0.55,4,15,35,1,0,2,False,True,True,[0 2 2 1 1 1 1 1 0 0 0 0 2 2 2 1 2 1 1],[1 0 1 1 1 1 0 0 0 0 1 0 0 0 1 1 1 0 0],"[0.175    0.467    0.192    0.108    0.141    0.15     0.834    0.308
 0.225    0.266    0.3      0.208    0.317    0.292    0.275    0.692
 0.241    0.116    0.307458]",1,sb_int-additive_comp-vsmean_gbatt-true_gbalt-true_lk-none_inh-free,0
7449,36,1,25,compromise,B,M,0,competitor,8720.0,0.72,0.65,0.52,5,15,34,1,0,2,False,False,True,[0 2 2 2 0 0 0 1 0 1 1 1 1 0 0 1 1 2 2 2 2 1 1 0 0],[1 0 1 1 1 0 0 0 1 1 0 0 1 1 1 1 1 0 0 1 1 0 0 0 1],"[0.392    0.333    0.208    0.383    0.458    0.25     0.183    0.342
 0.15     0.325    0.3      0.175    0.342    0.091    0.433    0.851
 0.383    0.191    0.25     0.208    0.2      0.15     0.208    0.325
 0.690263]",0,sb_int-additive_comp-vsmean_gbatt-true_gbalt-true_lk-none_inh-free,0
7450,36,1,26,compromise,A,M,0,target,6090.0,0.75,0.62,0.88,5,15,2,1,2,0,True,True,False,[0 1 1 1 1 0 2 2 0 0 0 1 1 1 1 1 0 0],[0 0 0 1 1 1 0 1 0 1 0 0 1 0 1 1 0 0],"[0.258    0.308    0.2      0.275    0.817    0.15     0.317    0.408
 0.358    0.308    0.308    0.191    0.425    0.358    0.216    0.183
 0.166    0.245693]",0,sb_int-additive_comp-vsmean_gbatt-true_gbalt-true_lk-none_inh-free,0
7451,36,1,27,compromise,A,M,1,competitor,6200.0,0.72,0.65,0.82,5,15,2,0,1,2,True,False,False,[1 1 1 1 1 1 0 0 0 0 2 1 2 2 2 1 1],[1 0 0 0 0 1 0 1 0 0 1 1 1 0 1 1 0],"[0.684    0.116    0.091    0.25     0.208    0.408    0.467    0.459
 0.133    0.509    0.258    0.559    0.375    0.4      0.166    0.225
 0.219746]",0,sb_int-additive_comp-vsmean_gbatt-true_gbalt-true_lk-none_inh-free,0
7452,36,1,28,compromise,B,L,0,competitor,6610.0,0.78,0.62,0.55,5,14,35,0,2,1,False,True,True,[2 2 2 2 0 2 1 1 1 0 0 0 0 2 2 1 1 2 2 0],[0 0 1 1 0 1 1 0 0 1 1 0 1 0 0 0 1 1 0 1],"[0.216    0.225    0.358    0.083    0.275    0.283    0.325    0.258
 0.358    0.15     0.208    0.433    0.292    0.191    0.1      0.216
 1.193    0.308    0.225    0.051423]",0,sb_int-additive_comp-vsmean_gbatt-true_gbalt-true_lk-none_inh-free,0
7453,36,1,29,filler,,R,2,,7450.0,0.27,0.47,0.86,37,21,11,0,1,2,True,False,True,[1 1 1 2 2 2 2 0 0 0 1 1 1 1 0 0 0 0 2 2],[1 1 0 1 0 0 0 0 0 1 0 1 1 0 0 0 1 1 1 1],"[0.433    0.659    0.425    0.316    0.692    0.458    0.091    0.15
 0.275    0.35     0.208    0.217    0.45     0.133    0.133    0.266
 0.258    0.684    0.241    0.022235]",2,sb_int-additive_comp-vsmean_gbatt-true_gbalt-true_lk-none_inh-free,0
7454,36,1,30,attraction,B,M,1,target,10680.0,0.78,0.65,0.63,4,15,14,0,1,2,True,True,True,[1 1 2 2 2 1 1 1 0 0 0 0 0 1 1 1 1 1 1 2 2 1 2 2 2 1 0 0 1],[0 0 0 0 0 0 0 1 1 0 0 0 0 0 0 0 0 0 0 1 1 0 0 1 0 0 1 0 0],"[0.216    0.183    0.141    0.183    0.216    0.183    0.225    0.467
 0.241    0.116    0.892    0.292    0.542    0.45     0.417    0.217
 0.55     0.3      0.425    0.317    0.233    0.233    0.375    0.375
 0.15     0.15     0.233    0.509    0.088662]",1,sb_int-additive_comp-vsmean_gbatt-true_gbalt-true_lk-none_inh-free,0
7455,36,1,31,attraction,B,L,1,target,5830.0,0.72,0.68,0.66,5,14,13,1,0,2,False,True,True,[0 2 0 0 1 0 1 1 1 1 1 0 0 0 2 2 1 1 1],[1 0 1 0 1 1 0 1 0 1 0 0 1 1 1 0 1 0 0],"[0.242    0.233    0.492    0.183    0.241    0.275    0.241    0.208
 0.141    0.392    0.492    0.266    0.233    0.3      0.35     0.191
 0.266    0.116    0.074993]",1,sb_int-additive_comp-vsmean_gbatt-true_gbalt-true_lk-none_inh-free,0
7456,36,1,32,attraction,A,R,1,competitor,4510.0,0.72,0.68,0.7,4,14,3,1,2,0,False,False,True,[0 0 1 1 1 1 1 0 0 0 0 2 2 2 2 1 1 1 1],[1 1 1 1 0 0 0 0 1 1 1 1 1 0 0 1 1 0 0],"[0.333 0.091 0.116 0.125 0.3   0.308 0.091 0.317 0.116 0.475 0.141 0.108
 0.3   0.283 0.141 0.208 0.175 0.15  0.2  ]",1,sb_int-additive_comp-vsmean_gbatt-true_gbalt-true_lk-none_inh-free,0
7457,36,1,33,compromise,B,M,0,competitor,5400.0,0.72,0.62,0.55,5,14,35,1,0,2,False,False,False,[0 0 0 0 2 2 2 2 2 1 1 1 1 1 1 0 0 0],[1 1 0 0 0 0 0 1 1 1 1 0 0 1 1 1 0 1],"[0.5      0.266    0.2      0.225    0.083    0.392    0.141    0.25
 0.191    0.175    0.183    0.183    0.141    0.158    0.976    0.375
 0.283    0.150036]",0,sb_int-additive_comp-vsmean_gbatt-true_gbalt-true_lk-none_inh-free,0
7458,36,1,34,compromise,B,R,1,target,4130.0,0.72,0.68,0.55,4,14,35,1,2,0,True,False,True,[0 0 1 1 1 1 1 1 2 2 0 0 0 0 1 1],[0 0 1 0 0 1 1 1 0 1 1 1 0 0 0 1],"[0.317    0.116    0.1      0.225    0.141    0.225    0.292    0.158
 0.275    0.158    0.116    0.358    0.233    0.275    0.191    0.380583]",1,sb_int-additive_comp-vsmean_gbatt-true_gbalt-true_lk-none_inh-free,0
7459,36,1,35,compromise,A,M,1,competitor,3830.0,0.78,0.68,0.88,4,15,3,0,1,2,False,True,False,[1 1 1 2 1 1 2 2 2 0 0 0 0 1 1],[0 0 1 0 1 0 1 0 0 0 0 1 0 0 0],"[0.233    0.216    0.208    0.183    0.275    0.3      0.392    0.225
 0.1      0.125    0.2      0.417    0.233    0.083    0.102634]",1,sb_int-additive_comp-vsmean_gbatt-true_gbalt-true_lk-none_inh-free,0
7460,36,1,36,compromise,A,L,0,target,4180.0,0.75,0.65,0.82,5,15,2,0,2,1,True,False,False,[2 2 0 0 0 1 1 1 1 1 0 0],[1 0 1 0 1 0 1 0 0 0 1 0],"[0.509    0.208    0.333    0.35     0.45     0.3      0.659    0.25
 0.141    0.1      0.125    0.174562]",0,sb_int-additive_comp-vsmean_gbatt-true_gbalt-true_lk-none_inh-free,0
7461,36,1,37,compromise,B,L,1,target,8119.999999999999,0.72,0.62,0.55,5,14,35,2,0,1,False,True,True,[2 0 0 2 2 1 1 2 2 0 0 1 1 0 0 1 1 2 2 2 2 1 1],[0 1 0 1 1 1 0 0 1 0 1 0 0 0 0 1 1 1 0 0 1 0 1],"[0.241 0.241 0.275 0.266 0.133 0.325 0.634 0.375 0.158 0.292 0.542 0.116
 0.133 0.659 0.342 0.609 0.283 0.216 0.125 0.175 0.183 0.559 0.166]",0,sb_int-additive_comp-vsmean_gbatt-true_gbalt-true_lk-none_inh-free,0
7462,36,1,38,attraction,A,R,1,competitor,9880.0,0.78,0.62,0.76,4,15,3,1,2,0,False,False,False,[0 0 0 0 1 1 1 2 2 2 2 0 0 0 0 1 1 0 1 1 0 0 1],[1 1 0 0 0 1 1 1 1 0 0 0 0 1 1 1 0 0 0 1 1 0 1],"[0.5      1.877    0.317    0.125    0.275    0.292    0.459    0.316
 0.1      0.2      0.116    0.1      0.091    0.333    0.943    0.283
 0.225    0.483    0.275    0.342    0.584    0.425    0.237514]",0,sb_int-additive_comp-vsmean_gbatt-true_gbalt-true_lk-none_inh-free,0
7463,36,1,39,compromise,A,L,1,competitor,6490.0,0.78,0.68,0.88,5,15,2,1,0,2,True,True,True,[0 0 2 2 2 1 1 1 1 1 0 0 0 1 1 1 1],[0 0 0 1 0 0 1 1 0 0 0 0 1 1 1 0 0],"[0.342    0.884    0.375    0.45     0.183    0.283    0.283    0.091
 0.425    0.425    0.258    0.267    0.508    0.408    0.216    0.317
 0.069451]",1,sb_int-additive_comp-vsmean_gbatt-true_gbalt-true_lk-none_inh-free,0
7464,36,1,40,filler,,R,2,,4280.0,0.24,0.37,0.76,41,27,13,0,1,2,True,False,False,[1 2 2 2 2 0 0 0 1 1 2 2 1],[1 1 0 0 0 1 0 0 1 1 1 0 0],"[0.433   0.575   0.116   0.383   0.125   0.292   0.1     0.559   0.166
 0.383   0.208   0.267   0.16624]",2,sb_int-additive_comp-vsmean_gbatt-true_gbalt-true_lk-none_inh-free,0
7465,36,1,41,attraction,A,M,1,competitor,9950.0,0.72,0.62,0.7,5,15,4,0,1,2,True,True,False,[1 1 1 1 1 2 2 0 0 0 0 1 1 1 0 0 0 1 0 0 1 1 1 0 1],[0 0 1 1 0 1 0 1 1 0 0 0 0 1 1 0 0 0 0 0 0 0 0 0 0],"[0.2      0.3      0.166    0.216    0.45     0.358    0.425    0.141
 0.208    0.425    0.826    0.342    1.685    0.609    0.258    0.392
 0.125    0.25     0.083    0.475    0.242    0.225    0.183    0.317
 0.251998]",1,sb_int-additive_comp-vsmean_gbatt-true_gbalt-true_lk-none_inh-free,0
7466,36,1,42,attraction,A,M,1,competitor,4980.0,0.78,0.68,0.76,4,15,3,0,1,2,False,True,True,[1 1 1 1 0 0 0 0 1 1 2 2 2 1 1],[0 0 1 0 1 1 0 1 0 1 1 0 0 0 1],"[0.225   0.442   0.475   0.191   0.35    0.108   0.408   0.258   0.392
 0.283   0.358   0.108   0.258   0.308   0.26298]",1,sb_int-additive_comp-vsmean_gbatt-true_gbalt-true_lk-none_inh-free,0
7467,36,1,43,attraction,B,R,0,competitor,3410.0,0.78,0.65,0.63,5,15,14,2,0,1,False,True,True,[2 2 2 1 1 0 0 0 0 2 2],[0 1 1 1 0 0 1 1 0 0 0],"[0.642    0.2      0.308    0.267    0.283    0.283    0.225    0.175
 0.225    0.208    0.048896]",1,sb_int-additive_comp-vsmean_gbatt-true_gbalt-true_lk-none_inh-free,0
7468,36,1,44,filler,,R,2,,7620.0,0.32,0.6,0.78,31,16,12,1,0,2,True,True,False,[0 0 2 2 2 2 1 1 1 0 0 2 2 2 0 0 0],[0 0 1 0 0 1 1 0 0 1 1 0 0 1 0 0 1],"[0.191    0.375    0.25     0.233    0.183    0.275    0.242    0.383
 0.525    0.141    0.216    0.292    0.275    2.586    0.275    0.108
 0.341447]",2,sb_int-additive_comp-vsmean_gbatt-true_gbalt-true_lk-none_inh-free,0
7469,36,1,45,compromise,B,L,0,competitor,11000.0,0.78,0.65,0.52,5,14,34,0,2,1,False,True,False,[2 2 2 0 2 2 2 1 1 1 1 1 1 1 1 1 1 1 1 1 1 2 0 0 0 0 0 0],[1 1 0 0 0 1 1 0 1 1 1 1 1 1 1 1 1 1 1 0 0 1 1 1 0 0 1 1],"[0.183   0.275   0.083   0.525   0.367   0.208   0.325   0.325   0.266
 0.425   0.417   0.233   0.575   0.3     0.258   0.308   0.291   0.442
 0.383   0.784   1.827   0.116   0.15    0.208   0.308   0.15    0.158
 0.26741]",1,sb_int-additive_comp-vsmean_gbatt-true_gbalt-true_lk-none_inh-free,0
7470,36,1,46,attraction,A,L,0,target,9540.0,0.75,0.65,0.73,5,14,4,0,1,2,True,True,False,[1 1 2 1 1 1 0 0 0 0 0 1 2 1 1 1 1 0 0 1 1 2 2 0],[0 0 1 0 1 1 1 0 0 0 0 0 1 1 1 0 0 0 1 1 0 1 0 0],"[0.191    0.166    0.659    0.525    0.3      0.15     0.242    0.55
 0.317    0.634    0.1      0.584    0.592    0.108    0.25     0.684
 0.141    0.358    0.375    0.575    0.183    0.433    0.333    0.110108]",1,sb_int-additive_comp-vsmean_gbatt-true_gbalt-true_lk-none_inh-free,0
7471,36,1,47,attraction,A,L,1,competitor,4860.0,0.72,0.65,0.7,4,15,3,2,0,1,False,False,True,[2 2 1 1 1 1 1 1 1 0 0 2 1 1],[0 1 0 1 1 0 0 1 1 1 0 1 0 1],"[0.325    0.233    0.25     0.525    0.358    0.091    0.792    0.191
 0.433    0.392    0.35     0.083    0.166    0.087779]",1,sb_int-additive_comp-vsmean_gbatt-true_gbalt-true_lk-none_inh-free,0
7472,36,1,48,attraction,A,M,1,competitor,6410.0,0.72,0.65,0.7,5,15,4,2,1,0,True,False,False,[1 1 1 1 1 2 2 2 0 0 0 0 0 0 1 0 1 1],[1 1 0 0 0 0 1 1 0 0 1 1 0 0 1 0 1 0],"[0.851    0.859    0.291    0.383    0.091    0.258    0.216    0.125
 0.116    0.258    0.258    0.133    0.158    0.508    0.675    0.275
 0.208    0.195079]",1,sb_int-additive_comp-vsmean_gbatt-true_gbalt-true_lk-none_inh-free,0
7473,36,1,49,compromise,B,L,1,target,7370.0,0.72,0.65,0.58,4,15,34,1,0,2,True,False,False,[0 2 0 0 0 0 1 1 1 1 1 0 0 2 2 2 1 1],[0 1 0 0 1 1 0 1 0 0 1 0 1 0 1 1 1 1],"[0.283    0.55     0.325    0.717    0.091    0.125    0.267    0.417
 0.333    1.393    0.55     0.433    0.35     0.267    0.183    0.15
 0.133    0.079136]",0,sb_int-additive_comp-vsmean_gbatt-true_gbalt-true_lk-none_inh-free,0
7474,36,1,50,compromise,B,L,2,decoy,6790.0,0.75,0.62,0.58,4,15,34,1,2,0,True,True,False,[0 0 0 2 2 1 1 1 1 1 1 1 0 2 2 2 2 1 1 2 2 2],[0 1 1 0 1 0 1 1 0 0 1 1 0 0 0 1 1 1 1 0 0 1],"[0.417    0.233    0.15     0.375    0.433    0.191    0.15     0.216
 0.183    0.342    0.116    0.1      0.191    0.342    0.5      0.183
 0.141    0.408    0.425    0.133    0.383    0.493055]",2,sb_int-additive_comp-vsmean_gbatt-true_gbalt-true_lk-none_inh-free,0
7475,36,1,51,attraction,A,M,1,competitor,10080.0,0.75,0.65,0.73,4,15,3,0,1,2,False,True,False,[1 2 2 1 1 1 1 1 1 0 0 0 1 1 1 1 1 2 2 2 1 1 1 1 2 2 0 0 1],[0 1 1 0 0 0 0 0 1 0 1 1 1 1 0 0 0 1 1 0 1 1 0 0 1 0 0 1 0],"[0.275    0.133    0.083    0.191    0.1      0.2      0.333    1.001
 0.125    0.291    0.183    0.926    0.116    0.3      0.617    0.208
 0.383    0.1      0.15     0.333    0.133    0.342    0.567    0.625
 0.45     0.283    0.2      0.325    0.031273]",1,sb_int-additive_comp-vsmean_gbatt-true_gbalt-true_lk-none_inh-free,0
7476,36,1,52,attraction,B,L,0,competitor,11890.0,0.75,0.62,0.6,4,15,14,0,1,2,False,True,True,[1 1 1 0 0 1 1 1 0 1 1 1 1 1 2 2 2 0 0 0 0 1 1 1 1 0 0 0 0],[0 0 0 1 1 0 1 1 0 1 0 0 1 1 1 0 0 1 1 0 0 1 0 0 0 1 1 1 1],"[0.175    0.834    0.2      0.1      0.358    0.317    0.133    0.408
 0.4      0.225    1.001    0.417    0.35     0.475    0.634    0.15
 0.425    0.217    0.166    0.1      0.3      0.567    0.283    0.233
 0.116    0.192    0.325    1.093    0.887227]",0,sb_int-additive_comp-vsmean_gbatt-true_gbalt-true_lk-none_inh-free,0
7477,36,1,53,attraction,A,R,0,target,4560.0,0.75,0.65,0.73,5,15,4,2,1,0,False,False,False,[1 1 1 1 2 2 2 1 0 0 0 0 0 1],[1 0 1 1 1 1 0 0 0 0 0 1 1 1],"[0.267 0.425 0.133 0.367 0.45  0.283 0.291 0.141 0.216 0.216 0.133 0.25
 0.575 0.175]",1,sb_int-additive_comp-vsmean_gbatt-true_gbalt-true_lk-none_inh-free,0
7478,36,1,54,attraction,B,L,1,target,6400.0,0.78,0.68,0.66,4,14,13,1,0,2,False,False,True,[0 0 0 0 2 2 2 2 2 1 1 1 0 0 0 0 0 1 1],[1 1 0 0 1 1 0 0 0 1 1 0 1 1 0 0 1 1 0],"[0.408    0.517    0.166    0.283    0.158    0.342    0.166    0.15
 0.25     0.308    0.342    0.425    0.317    0.433    0.191    0.241
 0.15     0.55     0.278325]",0,sb_int-additive_comp-vsmean_gbatt-true_gbalt-true_lk-none_inh-free,0
7479,36,1,55,filler,,R,2,,13660.0,0.19,0.56,0.8,52,17,12,1,0,2,True,False,False,[0 0 0 1 1 1 1 1 0 0 0 0 2 2 0 2 2 2 0 0 2 2 2 2 2 2 2 1 1 1],[0 0 1 0 1 1 1 1 0 0 0 1 1 1 0 0 0 0 1 1 1 1 0 0 0 1 1 1 0 1],"[1.293    1.235    0.216    0.275    0.091    0.192    0.367    0.308
 0.083    0.45     0.283    0.392    0.317    0.3      0.542    0.1
 0.409    1.476    0.133    0.158    0.634    1.101    0.3      0.241
 0.425    0.15     0.3      0.275    0.275    0.217277]",2,sb_int-additive_comp-vsmean_gbatt-true_gbalt-true_lk-none_inh-free,0
7480,36,1,56,compromise,B,M,1,target,6980.0,0.72,0.68,0.58,5,14,35,0,1,2,False,False,False,[1 2 2 2 2 2 2 0 0 0 1 1 1 2 1 1 2 2 2 2 2 2 1],[1 1 1 0 0 1 1 1 1 0 0 1 1 1 1 0 0 1 1 0 0 1 1],"[0.392    0.15     0.325    0.242    0.292    0.091    0.083    0.4
 0.384    0.358    0.408    0.642    0.242    0.308    0.15     0.35
 0.375    0.15     0.241    0.383    0.116    0.15     0.060233]",1,sb_int-additive_comp-vsmean_gbatt-true_gbalt-true_lk-none_inh-free,0
7481,36,1,57,filler,,R,2,,4940.0,0.28,0.67,0.78,35,14,12,1,0,2,False,True,False,[0 0 2 2 2 0 1 1 1 1 1 1 1 2 2 2 2 0 0 0],[1 1 1 0 1 1 0 0 1 1 0 0 1 1 1 0 0 1 1 0],"[0.208    0.133    0.392    0.383    0.175    0.141    0.125    0.175
 0.183    0.283    0.175    0.216    0.508    0.15     0.2      0.183
 0.125    0.158    0.167    0.127746]",2,sb_int-additive_comp-vsmean_gbatt-true_gbalt-true_lk-none_inh-free,0
7482,36,1,58,attraction,B,M,1,target,5810.0,0.78,0.62,0.6,4,14,13,0,1,2,False,False,False,[1 2 2 0 0 0 0 0 1 2 2 1 1 2 2 1 2 1 1 1],[1 1 0 0 1 1 1 1 1 1 1 1 0 0 0 0 1 1 0 1],"[0.216    0.275    0.2      0.25     0.183    0.15     0.175    0.191
 0.575    0.1      0.542    0.467    0.225    0.225    0.191    0.141
 0.267    0.208    0.283    0.270959]",0,sb_int-additive_comp-vsmean_gbatt-true_gbalt-true_lk-none_inh-free,0
7483,36,1,59,attraction,A,M,0,target,4250.0,0.75,0.65,0.73,5,14,4,1,2,0,True,False,False,[0 2 2 0 0 2 1 1 1 1 1 0 0 0 0],[0 1 1 0 1 0 0 0 1 1 1 0 1 1 0],"[0.525    0.183    0.275    0.166    0.233    0.233    0.091    0.233
 0.208    0.634    0.1      0.283    0.116    0.175    0.195986]",1,sb_int-additive_comp-vsmean_gbatt-true_gbalt-true_lk-none_inh-free,0
7484,36,1,60,filler,,R,2,,8620.0,0.19,0.59,0.81,52,16,12,0,1,2,True,False,True,[1 2 1 1 0 0 1 1 1 1 0 1 1 1 0 1 1 1 2 2 2 2 1 0 0],[1 0 1 1 0 0 1 1 0 0 1 0 1 1 0 1 0 1 0 0 1 0 1 0 1],"[0.325    0.225    0.15     0.158    0.233    0.367    0.367    0.258
 0.25     0.175    0.283    0.1      0.333    0.208    0.325    1.652
 0.475    0.166    0.216    0.1      0.4      0.317    0.1      0.208
 0.126805]",2,sb_int-additive_comp-vsmean_gbatt-true_gbalt-true_lk-none_inh-free,0
7485,36,1,61,attraction,B,R,1,target,4220.0,0.72,0.62,0.6,4,15,14,0,2,1,True,True,True,[2 2 1 1 1 2 2 2 0 0 0 1 1],[0 0 0 1 0 0 1 0 0 1 0 0 0],"[0.125    0.091    0.208    0.417    0.492    0.25     0.375    0.275
 0.208    0.35     0.6      0.241    0.065215]",1,sb_int-additive_comp-vsmean_gbatt-true_gbalt-true_lk-none_inh-free,0
7486,36,1,62,attraction,B,M,0,competitor,5180.0,0.78,0.62,0.6,5,15,14,1,0,2,False,True,False,[0 0 2 0 0 1 1 1 0 2 2 0 0 0 2],[1 1 0 0 1 1 0 0 1 1 0 0 0 1 1],"[0.242    0.225    0.183    0.459    0.4      0.433    0.475    0.358
 0.233    0.342    0.291    0.233    0.275    0.217    0.169119]",0,sb_int-additive_comp-vsmean_gbatt-true_gbalt-true_lk-none_inh-free,0
7487,36,1,63,attraction,A,L,1,competitor,3790.0,0.75,0.68,0.73,4,14,3,2,0,1,False,True,True,[2 0 0 0 1 1 1 1 1],[0 1 1 0 1 1 0 0 0],"[0.842    0.3      0.709    0.191    0.216    0.208    0.25     0.1
 0.126555]",1,sb_int-additive_comp-vsmean_gbatt-true_gbalt-true_lk-none_inh-free,0
7488,36,1,64,compromise,A,R,0,target,4960.0,0.78,0.62,0.85,5,14,2,2,1,0,True,False,False,[1 0 0 0 0 0 2 2 2 2 2 1 1 1 1],[1 0 1 1 1 0 0 0 1 1 1 1 0 0 1],"[0.258    0.35     0.266    0.275    0.158    0.2      0.208    0.133
 0.166    0.634    0.375    0.483    0.275    0.1      0.394352]",0,sb_int-additive_comp-vsmean_gbatt-true_gbalt-true_lk-none_inh-free,0
7489,36,1,65,attraction,B,R,0,competitor,7930.0,0.72,0.65,0.63,5,14,13,2,0,1,True,True,True,[2 2 0 0 0 2 0 0 2 1 1 1 1 2 2 0 0 0 1 1 1 1 1 0],[0 0 0 1 1 1 0 1 1 1 1 0 0 0 0 0 0 1 1 1 0 0 0 0],"[0.191   0.133   0.208   0.258   0.767   0.233   0.25    0.158   1.126
 0.133   0.233   0.216   0.901   0.225   0.166   0.116   0.275   0.425
 0.233   0.15    0.091   0.3     0.191   0.25428]",0,sb_int-additive_comp-vsmean_gbatt-true_gbalt-true_lk-none_inh-free,0
7490,36,1,66,filler,,L,2,,4960.0,0.29,0.42,0.72,34,23,13,2,1,0,False,False,False,[1 0 0 0 0 0 0 0 0 1 2 2 2 2 2],[1 1 0 0 1 1 1 0 1 1 1 0 0 1 1],"[0.3      0.241    0.242    0.225    0.425    0.784    0.166    0.3
 0.167    0.191    0.333    0.166    0.275    0.1      0.430324]",2,sb_int-additive_comp-vsmean_gbatt-true_gbalt-true_lk-none_inh-free,0
7491,36,1,67,filler,,R,2,,3770.0,0.31,0.38,0.85,32,26,11,0,1,2,False,False,False,[1 1 1 1 0 0 2 2 2 2 2],[1 1 0 0 0 1 0 0 1 0 1],"[0.141    0.317    0.116    0.617    0.45     0.342    0.241    0.175
 0.458    0.241    0.083965]",2,sb_int-additive_comp-vsmean_gbatt-true_gbalt-true_lk-none_inh-free,0
7492,36,1,68,filler,,L,2,,7170.0,0.27,0.61,0.89,37,16,11,1,2,0,True,False,True,[0 1 1 1 0 2 0 0 0 1 0 0 0 0 2 2 2 2 2 1 1 1 1 2 2],[0 1 0 0 1 1 1 0 0 1 0 0 1 1 1 1 0 0 1 0 1 1 1 0 0],"[0.216  0.775  0.183  0.158  0.25   0.358  0.325  0.2    0.266  0.2
 0.216  0.208  0.2    0.266  0.158  0.216  0.083  0.475  0.133  0.283
 0.1    0.283  0.108  0.108  0.4923]",2,sb_int-additive_comp-vsmean_gbatt-true_gbalt-true_lk-none_inh-free,0
7493,36,1,69,compromise,A,L,1,competitor,5100.0,0.75,0.68,0.88,4,15,3,1,0,2,False,True,True,[0 2 0 0 1 1 1 2 2 0 0 0 0 1],[1 0 1 1 0 0 1 1 0 1 0 0 1 0],"[0.208    0.283    0.183    0.358    0.509    0.559    0.509    0.35
 0.383    0.333    0.083    0.15     0.25     0.259329]",2,sb_int-additive_comp-vsmean_gbatt-true_gbalt-true_lk-none_inh-free,0
7494,36,1,70,attraction,B,M,0,competitor,10240.0,0.72,0.62,0.6,5,14,13,1,0,2,True,True,True,[0 2 2 0 0 1 0 0 2 2 2 2 2 0 1 0 2 1 0 0 0 0 1 1 1 0 0 0 1 1 0],[0 0 1 0 1 1 1 0 1 1 0 0 0 1 1 1 1 0 0 0 1 0 0 1 0 0 0 0 0 0 0],"[0.216    0.292    0.191    0.267    0.217    0.358    0.241    0.25
 0.125    1.351    0.192    0.233    0.191    0.133    0.442    0.225
 0.233    0.325    0.225    0.192    0.425    0.442    0.216    0.3
 0.642    0.283    0.166    0.116    0.183    0.225    0.176121]",0,sb_int-additive_comp-vsmean_gbatt-true_gbalt-true_lk-none_inh-free,0
7495,36,1,71,compromise,A,L,0,target,7430.0,0.78,0.65,0.82,5,14,3,0,2,1,False,False,True,[2 0 0 0 2 2 2 1 1 2 0 0 0],[0 1 1 0 0 0 1 0 1 0 1 0 1],"[0.475    0.6      0.675    0.442    0.1      0.5      0.308    0.35
 0.659    0.492    0.525    0.517    1.063219]",0,sb_int-additive_comp-vsmean_gbatt-true_gbalt-true_lk-none_inh-free,0
7496,36,1,72,attraction,A,L,0,target,5730.0,0.78,0.62,0.76,5,14,4,0,1,2,True,True,True,[1 1 2 1 1 1 1 0 0 0 2 2 2 0 1 1 1 0],[0 0 0 0 0 1 1 1 0 0 1 0 0 0 0 0 1 1],"[0.208    0.2      0.191    0.242    0.333    0.125    0.383    0.275
 0.208    0.934    0.442    0.125    0.333    0.183    0.091    0.358
 0.367    0.165148]",1,sb_int-additive_comp-vsmean_gbatt-true_gbalt-true_lk-none_inh-free,0
7497,36,1,73,attraction,A,R,0,target,8280.0,0.78,0.68,0.76,5,15,4,2,0,1,True,True,True,[2 2 1 1 1 1 1 1 1 1 1 1 1 1 1 1 1 1 1 1 2 2 2 0 0 0 0],[0 0 0 1 1 0 0 0 0 0 0 0 0 0 0 0 0 0 0 1 1 0 0 0 1 1 0],"[0.35     0.15     0.475    0.091    0.141    0.141    0.267    0.266
 0.2      0.25     0.175    0.383    0.692    0.333    0.625    0.233
 0.283    0.3      0.35     0.425    0.258    0.158    0.2      0.333
 0.2      0.091    0.206471]",1,sb_int-additive_comp-vsmean_gbatt-true_gbalt-true_lk-none_inh-free,0
7498,36,1,74,compromise,A,M,1,competitor,6170.0,0.78,0.68,0.82,5,15,3,2,1,0,False,False,True,[1 1 2 2 2 2 2 2 1 1 1 1 1 1 0 0 0 1 1 1 1],[1 1 0 0 1 1 1 0 0 1 0 0 1 0 0 1 1 1 1 0 1],"[0.133    0.358    0.358    0.158    0.141    0.15     0.208    0.116
 0.283    0.6      0.375    0.242    0.417    0.267    0.258    0.141
 0.191    0.2      0.65     0.216    0.048771]",1,sb_int-additive_comp-vsmean_gbatt-true_gbalt-true_lk-none_inh-free,0
7499,36,1,75,attraction,B,R,0,competitor,6930.0,0.72,0.62,0.6,5,15,14,2,0,1,False,False,False,[2 2 0 0 2 1 1 1 2 0 0 0 0 1 1 1 1 2 2 2 0 0 0],[1 1 1 0 0 0 1 1 1 1 0 0 1 1 1 0 0 1 0 0 0 1 1],"[0.216    0.158    0.291    0.208    0.141    0.25     0.216    0.266
 0.3      0.4      0.116    0.216    0.15     0.35     0.266    0.433
 0.15     0.325    0.233    0.166    0.158    0.717    0.127075]",0,sb_int-additive_comp-vsmean_gbatt-true_gbalt-true_lk-none_inh-free,0
7500,36,2,76,filler,,R,2,,2630.0,0.28,0.67,0.78,35,14,12,1,0,2,False,False,False,[0 2 2 2 1 1 1 1 2],[1 1 0 0 1 1 0 1 1],"[0.35     0.35     0.25     0.175    0.125    0.266    0.292    0.258
 0.026304]",1,sb_int-additive_comp-vsmean_gbatt-true_gbalt-true_lk-none_inh-free,0
7501,36,2,77,compromise,A,R,1,competitor,6870.0,0.78,0.68,0.85,4,15,2,0,2,1,True,True,True,[2 2 1 1 1 2 0 2 2 0 0 0 1 1 1 1 1 0 0 0],[0 0 0 1 1 1 1 1 0 0 1 0 0 1 1 0 1 1 0 0],"[0.325    0.342    0.158    0.141    0.392    0.258    0.509    0.458
 0.216    0.442    0.342    0.467    0.2      0.1      0.233    0.333
 0.133    0.258    0.175    0.451726]",1,sb_int-additive_comp-vsmean_gbatt-true_gbalt-true_lk-none_inh-free,0
7502,36,2,78,filler,,R,2,,3310.0,0.32,0.48,0.85,31,20,11,0,1,2,True,True,True,[1 1 1 1 2 2 2 0 0 0 0 0],[0 0 1 1 1 0 0 1 1 0 0 0],"[0.475   0.233   0.241   0.116   0.492   0.091   0.242   0.3     0.125
 0.116   0.242   0.18114]",2,sb_int-additive_comp-vsmean_gbatt-true_gbalt-true_lk-none_inh-free,0
7503,36,2,79,compromise,A,R,0,target,3640.0,0.75,0.62,0.88,5,15,2,2,1,0,True,True,True,[1 1 1 0 0 0 1 1 2 2 2 2 0],[0 1 1 1 1 0 0 1 1 1 0 0 1],"[0.367    0.083    0.183    0.083    0.317    0.266    0.35     0.342
 0.225    0.083    0.241    0.133    0.197023]",2,sb_int-additive_comp-vsmean_gbatt-true_gbalt-true_lk-none_inh-free,0
7504,36,2,80,compromise,B,L,2,decoy,9040.0,0.72,0.65,0.58,4,15,34,2,1,0,False,True,True,[1 1 1 1 2 2 1 0 0 0 0 1 1 2 2 2 2 1 1 1 2 2 1 2],[0 0 1 1 1 0 1 0 0 1 1 0 0 0 1 1 0 1 0 0 0 1 1 1],"[0.175    0.208    0.258    0.091    0.292    0.291    0.275    0.1
 0.116    0.083    0.242    0.108    0.867    0.275    0.784    0.175
 0.517    0.467    0.191    0.225    1.476    0.308    0.25     0.340866]",1,sb_int-additive_comp-vsmean_gbatt-true_gbalt-true_lk-none_inh-free,0
7505,36,2,81,compromise,B,R,1,target,4670.0,0.72,0.68,0.55,4,14,35,1,2,0,True,False,True,[0 0 1 0 2 0 0 0 1 1 1 2 2 2 2 1 1 1 1],[0 0 0 1 1 1 0 0 1 1 0 1 1 0 0 0 0 1 1],"[0.191    0.116    0.208    0.208    0.233    0.25     0.283    0.1
 0.258    0.192    0.517    0.166    0.191    0.116    0.308    0.083
 0.358    0.108    0.153532]",2,sb_int-additive_comp-vsmean_gbatt-true_gbalt-true_lk-none_inh-free,0
7506,36,2,82,compromise,A,R,0,target,7650.0,0.78,0.68,0.88,5,15,2,2,0,1,True,False,True,[2 0 0 0 1 1 1 1 1 1 0 0 0 0 1 1 1 1 0 2 0 0],[0 0 0 1 0 0 1 1 0 0 1 1 0 0 1 1 0 0 1 1 0 0],"[0.3      0.133    0.592    0.292    0.158    0.208    0.225    0.316
 0.292    1.084    0.217    0.15     0.15     0.575    0.141    0.375
 0.108    0.317    0.233    0.166    0.308    0.417716]",0,sb_int-additive_comp-vsmean_gbatt-true_gbalt-true_lk-none_inh-free,0
7507,36,2,83,attraction,A,L,0,target,5840.0,0.75,0.65,0.73,5,14,4,0,1,2,True,False,True,[1 1 1 1 0 0 0 1 1 2 2 2 0],[1 0 0 0 1 0 0 0 0 1 0 0 0],"[1.285    0.308    0.133    0.333    0.392    0.425    0.442    0.192
 0.125    0.275    0.166    0.191    0.257149]",1,sb_int-additive_comp-vsmean_gbatt-true_gbalt-true_lk-none_inh-free,0
7508,36,2,84,attraction,A,L,0,target,5270.0,0.75,0.65,0.73,5,15,4,0,2,1,True,True,True,[1 1 0 0 0 0 1 1 1 2 2 2 0 0],[1 1 1 1 0 0 0 1 1 1 1 0 0 1],"[0.166    0.275    0.116    0.25     0.267    0.091    0.233    0.275
 0.108    0.133    0.191    0.166    0.625    0.252443]",1,sb_int-additive_comp-vsmean_gbatt-true_gbalt-true_lk-none_inh-free,0
7509,36,2,85,attraction,A,L,1,competitor,5010.0,0.78,0.68,0.76,4,15,3,1,0,2,True,False,True,[0 0 0 0 0 1 1 1 2 2 2 2 1 1],[0 0 1 1 0 1 0 0 1 1 0 0 1 1],"[0.316    0.225    0.141    0.392    0.133    0.308    0.125    0.158
 0.091    0.25     0.166    0.208    0.141    0.138106]",1,sb_int-additive_comp-vsmean_gbatt-true_gbalt-true_lk-none_inh-free,0
7510,36,2,86,attraction,B,L,1,target,7670.0,0.75,0.65,0.63,4,14,13,1,0,2,False,True,False,[0 0 0 0 0 1 1 1 1 0 0 2 2 2 2 1 1 1 2 2 2 1],[1 0 0 1 1 0 1 0 0 0 1 0 0 0 1 0 0 1 0 0 1 0],"[0.659    1.218    0.584    0.225    0.216    0.292    0.342    0.208
 0.216    0.267    0.35     0.108    0.116    0.191    0.5      0.217
 0.183    0.267    0.175    0.15     0.225    0.155169]",0,sb_int-additive_comp-vsmean_gbatt-true_gbalt-true_lk-none_inh-free,0
7511,36,2,87,compromise,A,L,2,decoy,4600.0,0.72,0.68,0.82,5,15,2,2,1,0,False,False,False,[1 2 2 1 0 0 0 0 1 1 1 0 1],[1 1 0 1 1 1 0 1 1 0 1 1 1],"[0.35     0.425    0.442    0.133    0.133    0.45     0.325    0.208
 0.383    0.133    0.225    0.183    0.256543]",1,sb_int-additive_comp-vsmean_gbatt-true_gbalt-true_lk-none_inh-free,0
7512,36,2,88,attraction,A,R,1,competitor,9670.0,0.75,0.65,0.73,4,15,3,1,2,0,True,True,True,[0 2 1 1 1 1 0 2 0 2 0 0 0 2 2 2 0 1 1 0 0 1 1 1 2 2 2 2 1],[0 0 0 0 1 1 1 1 1 1 1 0 0 0 1 1 1 1 1 1 0 0 1 1 1 1 0 0 0],"[0.233 0.292 0.216 1.343 0.175 0.216 0.208 0.325 0.2   0.475 0.442 0.559
 0.442 0.258 0.217 0.141 0.408 0.108 0.267 0.225 0.283 0.35  0.108 0.2
 0.208 0.2   0.333 0.091 0.258]",1,sb_int-additive_comp-vsmean_gbatt-true_gbalt-true_lk-none_inh-free,0
7513,36,2,89,compromise,A,R,0,target,4960.0,0.75,0.65,0.82,5,15,2,2,1,0,False,False,False,[1 0 0 1 2 1 1 2 2 1 1 0 0 1 0 0],[1 1 0 0 0 1 1 1 0 0 1 1 0 0 1 1],"[0.275    0.333    0.308    0.258    0.25     0.15     0.425    0.383
 0.2      0.283    0.35     0.266    0.283    0.3      0.175    0.039956]",1,sb_int-additive_comp-vsmean_gbatt-true_gbalt-true_lk-none_inh-free,0
7514,36,2,90,filler,,R,2,,6910.0,0.24,0.37,0.76,41,27,13,1,0,2,False,False,True,[0 2 0 0 0 1 1 1 1 1 2 2 2 2 0 0 0 1 1 0 2],[1 0 1 1 0 0 0 1 1 0 1 0 0 0 1 0 1 1 0 0 1],"[0.25     0.3      0.216    0.266    0.25     0.242    0.133    0.25
 0.216    0.292    0.417    0.333    0.275    0.1      0.325    0.2
 0.25     0.383    1.009    0.241    0.181624]",2,sb_int-additive_comp-vsmean_gbatt-true_gbalt-true_lk-none_inh-free,0
7515,36,2,91,filler,,L,2,,3670.0,0.27,0.61,0.89,37,16,11,2,1,0,False,True,False,[1 1 1 1 0 0 0 0 2 2 2 2],[0 0 0 1 0 0 1 1 1 1 0 1],"[0.208   0.291   0.375   0.417   0.283   0.1     0.1     0.267   0.25
 0.217   0.3     0.41118]",2,sb_int-additive_comp-vsmean_gbatt-true_gbalt-true_lk-none_inh-free,0
7516,36,2,92,compromise,A,L,1,competitor,5270.0,0.72,0.68,0.82,5,15,2,2,0,1,False,True,True,[2 1 1 1 1 1 2 2 0 0 0 1 1],[0 0 0 1 1 0 0 1 0 1 0 1 0],"[0.433    0.267    0.283    0.175    0.45     0.258    0.575    0.242
 0.383    0.342    0.442    0.241    0.247971]",1,sb_int-additive_comp-vsmean_gbatt-true_gbalt-true_lk-none_inh-free,0
7517,36,2,93,attraction,A,R,0,target,6700.0,0.72,0.62,0.7,5,15,4,2,0,1,False,False,False,[2 0 1 1 2 0 0 2 1 1 1 2 0 0 0 1 0 1 1 0],[1 1 1 1 1 1 0 0 0 0 1 1 1 0 0 0 1 1 1 1],"[0.2      0.291    0.317    0.241    0.533    0.559    0.208    0.183
 0.233    0.108    0.367    0.183    0.534    0.241    0.108    0.592
 0.2      0.15     0.442    0.238158]",1,sb_int-additive_comp-vsmean_gbatt-true_gbalt-true_lk-none_inh-free,0
7518,36,2,94,attraction,B,L,1,target,5390.0,0.78,0.68,0.66,4,14,13,1,0,2,True,True,False,[0 0 0 0 0 0 0 0 2 2 2 2 1 1 1 1 1 1],[1 0 0 1 1 1 1 0 1 0 0 1 1 1 0 0 1 0],"[0.425    0.125    0.375    0.242    0.317    0.175    0.1      0.325
 0.575    0.208    0.216    0.4      0.125    0.358    0.308    0.083
 0.275    0.029699]",0,sb_int-additive_comp-vsmean_gbatt-true_gbalt-true_lk-none_inh-free,0
7519,36,2,95,compromise,B,M,2,decoy,6040.0,0.72,0.62,0.58,4,14,35,2,0,1,False,True,True,[2 2 2 2 0 0 0 0 1 1 1 2 2 1 1 2 2 2 2],[0 0 1 0 1 0 0 1 0 1 0 0 0 0 1 0 1 1 0],"[0.183    0.3      0.442    0.191    0.408    0.225    0.116    0.467
 0.3      0.266    0.308    0.333    0.433    0.166    0.283    0.241
 0.317    0.108    0.100871]",2,sb_int-additive_comp-vsmean_gbatt-true_gbalt-true_lk-none_inh-free,0
7520,36,2,96,compromise,B,L,0,competitor,9560.0,0.78,0.62,0.55,5,14,35,0,2,1,False,False,False,[2 0 2 2 1 1 1 2 0 2 1 1 1 1 2 0 0 0 0],[1 1 1 1 1 1 0 0 0 0 0 0 1 1 1 1 1 0 1],"[0.542    1.443    0.759    1.935    0.125    0.917    0.25     0.35
 0.45     0.116    0.225    0.358    0.125    0.133    0.208    0.166
 0.15     0.383    0.180572]",0,sb_int-additive_comp-vsmean_gbatt-true_gbalt-true_lk-none_inh-free,0
7521,36,2,97,attraction,A,M,1,competitor,7470.0,0.72,0.65,0.7,4,15,3,2,1,0,True,False,False,[1 1 1 2 2 2 0 0 0 0 0 1 1 1 1],[1 1 1 0 1 1 0 0 1 1 0 1 0 0 1],"[0.567    1.727    1.91     0.342    0.15     0.308    0.158    0.266
 0.283    0.108    0.166    0.325    0.225    0.141    0.213006]",1,sb_int-additive_comp-vsmean_gbatt-true_gbalt-true_lk-none_inh-free,0
7522,36,2,98,compromise,B,M,0,competitor,5790.0,0.72,0.62,0.55,5,14,35,1,2,0,True,True,False,[0 1 1 1 2 2 2 0 0 0 0 0 1 1 1 1 2 2 2 2 0 0 2],[0 0 1 1 0 0 1 0 0 1 1 0 1 0 0 0 1 1 0 1 0 0 1],"[0.217    0.208    0.333    0.1      0.292    0.091    0.208    0.275
 0.183    0.233    0.166    0.191    0.116    0.242    0.35     0.25
 0.183    0.183    0.325    0.183    0.125    0.183    0.094158]",0,sb_int-additive_comp-vsmean_gbatt-true_gbalt-true_lk-none_inh-free,0
7523,36,2,99,attraction,A,R,1,competitor,11000.0,0.78,0.68,0.76,5,15,4,0,2,1,False,False,True,[2 0 0 2 2 1 1 1 1 1 1 2 2 0 0 0 0 1 1 2 1 1 1 1 2 0 2 2 2 2 1],[0 1 0 1 1 0 0 1 1 1 1 0 1 0 1 1 0 0 1 0 1 0 1 1 0 1 0 1 1 0 1],"[0.709    0.325    0.508    0.241    0.158    0.158    0.317    0.267
 0.191    0.442    0.317    0.242    0.35     0.417    0.367    0.534
 0.358    1.026    0.241    0.475    0.133    0.35     0.225    0.191
 0.208    0.342    0.417    0.15     0.15     0.158    0.120266]",1,sb_int-additive_comp-vsmean_gbatt-true_gbalt-true_lk-none_inh-free,0
7524,36,2,100,attraction,B,R,0,competitor,8350.0,0.78,0.65,0.63,5,15,14,2,1,0,False,True,False,[1 1 0 0 0 0 1 2 2 2 1 2 1 1 1 0 0 0 0],[0 0 1 1 0 0 1 0 1 1 1 0 1 0 0 1 1 0 0],"[0.225    0.225    1.693    1.101    0.183    0.166    0.125    0.225
 0.4      1.026    0.166    0.266    0.3      0.2      0.625    0.258
 0.108    0.292    0.066452]",0,sb_int-additive_comp-vsmean_gbatt-true_gbalt-true_lk-none_inh-free,0
7525,36,2,101,attraction,B,L,1,target,11440.0,0.72,0.62,0.6,4,15,14,2,0,1,True,False,True,[2 2 0 0 0 2 1 1 1 1 2 2 2 2 2 2 2 2 2 2 2 0 0 0 0 1 1 1 2 2 2 2 1 2 1 1],[0 0 0 0 1 1 0 1 1 1 0 0 1 1 0 0 0 0 1 0 0 0 1 1 0 0 1 1 0 0 1 1 0 0 1 1],"[0.267    0.166    0.241    0.233    0.133    0.266    0.392    0.141
 0.15     0.358    0.183    0.225    0.584    0.5      0.208    0.692
 0.267    0.751    0.325    0.175    0.15     0.375    0.241    0.183
 0.15     0.266    0.166    0.667    0.091    0.45     0.116    0.217
 0.2      0.208    0.291    0.408915]",2,sb_int-additive_comp-vsmean_gbatt-true_gbalt-true_lk-none_inh-free,0
7526,36,2,102,attraction,A,R,1,competitor,3220.0,0.72,0.68,0.7,4,14,3,1,2,0,False,True,True,[0 2 2 2 2 0 0 1 1 1 1],[1 0 1 1 0 1 1 0 1 0 1],"[0.25   0.233  0.125  0.258  0.308  0.166  0.25   0.425  0.333  0.233
 0.1383]",2,sb_int-additive_comp-vsmean_gbatt-true_gbalt-true_lk-none_inh-free,0
7527,36,2,103,attraction,A,M,1,competitor,5460.0,0.78,0.62,0.76,4,15,3,2,1,0,False,True,False,[1 1 0 0 0 1 1 1 1 1 2 2 1 1 1],[0 0 1 0 1 0 0 0 0 1 0 1 0 0 1],"[0.241    0.208    0.3      0.408    0.191    0.45     0.35     0.675
 0.166    0.325    0.275    0.333    0.358    0.392    0.166876]",1,sb_int-additive_comp-vsmean_gbatt-true_gbalt-true_lk-none_inh-free,0
7528,36,2,104,filler,,L,2,,2800.0,0.16,0.46,0.87,62,21,11,2,1,0,True,True,True,[1 1 1 2 2 2 2 0 0 0],[0 0 1 1 1 0 0 1 1 0],[0.45  0.133 0.375 0.175 0.417 0.25  0.108 0.216 0.141 0.116],2,sb_int-additive_comp-vsmean_gbatt-true_gbalt-true_lk-none_inh-free,0
7529,36,2,105,compromise,A,L,1,competitor,8840.0,0.78,0.65,0.82,5,14,3,2,0,1,False,False,True,[2 2 2 1 1 1 2 2 2 0 0 0 0 1 1 1 1 0 0 0 0 0 1],[0 0 1 0 1 1 0 0 1 1 0 0 1 1 0 1 1 1 1 1 0 1 1],"[0.942    0.308    0.308    0.692    0.141    0.208    0.15     0.358
 0.308    0.342    0.241    0.208    0.308    0.308    0.4      0.4
 0.275    0.091    0.926    0.292    0.2      0.333    0.129444]",0,sb_int-additive_comp-vsmean_gbatt-true_gbalt-true_lk-none_inh-free,0
7530,36,2,106,compromise,B,R,1,target,4700.0,0.72,0.68,0.58,4,15,35,1,2,0,False,False,True,[0 0 1 1 2 2 0 0 0 1 1 1 1 2 2 2 2 1],[1 1 1 1 0 0 1 0 1 1 0 0 1 0 0 1 1 1],"[0.108    0.083    0.1      0.392    0.342    0.2      0.217    0.392
 0.408    0.317    0.25     0.133    0.275    0.1      0.283    0.241
 0.183    0.063892]",2,sb_int-additive_comp-vsmean_gbatt-true_gbalt-true_lk-none_inh-free,0
7531,36,2,107,compromise,B,M,1,target,11340.0,0.72,0.65,0.52,5,15,34,0,1,2,False,True,True,[1 2 2 2 0 1 1 1 2 2 0 0 0 1 1 1 1 2 2 2 2 1 1 0 0 0 0 1 1 1 0 0 1],[0 0 0 1 0 1 0 0 0 0 1 0 1 0 0 1 0 0 1 1 0 0 0 1 0 0 1 1 0 0 1 1 0],"[0.233    0.25     0.241    0.342    0.25     0.342    0.408    0.442
 0.083    0.108    0.292    0.5      0.317    0.242    0.308    0.534
 0.25     0.208    0.233    0.158    0.4      0.308    0.141    0.55
 0.083    0.4      0.291    0.767    0.325    0.183    0.408    0.534
 0.035979]",0,sb_int-additive_comp-vsmean_gbatt-true_gbalt-true_lk-none_inh-free,0
7532,36,2,108,compromise,B,L,2,decoy,7860.0,0.75,0.62,0.58,4,15,34,1,2,0,False,True,False,[0 2 2 2 2 2 0 0 2 2 0 0 0 1 1 1 1 1 1 2 2 2 2 2 2],[1 1 0 0 1 1 1 0 0 0 0 1 0 0 1 1 0 1 0 1 1 0 1 1 1],"[0.233    0.433    0.125    0.392    0.125    0.776    0.525    0.233
 0.25     0.425    0.267    0.258    0.233    0.3      0.3      0.091
 0.358    0.367    0.25     0.158    0.166    0.392    0.208    0.108
 0.101294]",2,sb_int-additive_comp-vsmean_gbatt-true_gbalt-true_lk-none_inh-free,0
7533,36,2,109,compromise,B,R,1,target,6120.0,0.72,0.65,0.55,4,15,35,0,2,1,False,False,False,[2 2 0 0 2 2 2 2 2 1 1 1 1 1 2 2 2 1 1],[1 1 1 0 0 0 0 1 1 1 1 0 0 1 1 0 0 0 1],"[0.333    0.125    0.534    0.55     0.166    0.125    0.45     0.158
 0.216    0.167    0.3      0.175    0.208    0.216    0.358    0.475
 0.367    0.275    0.219062]",2,sb_int-additive_comp-vsmean_gbatt-true_gbalt-true_lk-none_inh-free,0
7534,36,2,110,attraction,B,R,0,competitor,9470.0,0.78,0.65,0.63,5,15,14,2,0,1,False,True,False,[2 0 0 0 0 2 1 1 1 2 1 1 1 1 1 1 1 1 0 0 0 0],[1 1 0 0 1 1 0 1 0 1 0 1 1 1 0 0 1 0 0 0 1 0],"[0.517 0.4   0.967 0.542 0.275 0.175 0.3   0.3   0.325 0.367 0.192 0.091
 1.251 0.675 0.133 0.258 0.358 0.267 0.133 0.267 0.558 0.158]",0,sb_int-additive_comp-vsmean_gbatt-true_gbalt-true_lk-none_inh-free,0
7535,36,2,111,attraction,A,M,1,competitor,5930.0,0.72,0.65,0.7,4,14,3,0,1,2,False,False,False,[1 0 2 1 1 2 2 1 1 1 0 0 1 1 1 1 1 0 0 0 0 1],[1 1 1 1 0 0 1 1 1 0 0 1 1 1 0 0 1 1 1 0 1 1],"[0.241    0.316    0.317    0.425    0.183    0.325    0.2      0.108
 0.2      0.116    0.266    0.383    0.3      0.108    0.233    0.108
 0.25     0.125    0.325    0.1      0.108    0.163217]",1,sb_int-additive_comp-vsmean_gbatt-true_gbalt-true_lk-none_inh-free,0
7536,36,2,112,filler,,R,2,,5560.0,0.29,0.42,0.72,34,23,13,1,0,2,True,False,False,[0 1 1 1 1 0 1 1 1 0 0 0 0 0 2 2 2 2 0 0 1 1],[0 1 1 0 0 1 0 1 1 0 1 1 0 0 1 0 0 1 0 0 1 1],"[0.5   0.125 0.141 0.083 0.241 0.125 0.191 0.684 0.467 0.166 0.25  0.133
 0.275 0.1   0.317 0.25  0.108 0.233 0.1   0.2   0.108 0.091]",2,sb_int-additive_comp-vsmean_gbatt-true_gbalt-true_lk-none_inh-free,0
7537,36,2,113,attraction,B,R,1,target,8189.999999999999,0.75,0.68,0.66,4,14,13,0,2,1,True,True,True,[2 2 1 1 1 1 1 1 1 2 0 0 0 2 2 2 2 1 1 2 1 2 2 1 1],[0 0 0 0 1 1 0 0 1 1 1 0 0 0 0 1 0 1 1 1 0 0 1 1 0],"[0.292    0.141    0.125    0.091    0.25     0.116    0.141    0.425
 0.108    0.25     0.35     0.233    0.266    0.225    0.2      0.492
 0.617    0.217    0.308    0.208    0.775    0.241    0.183    0.442
 0.199344]",2,sb_int-additive_comp-vsmean_gbatt-true_gbalt-true_lk-none_inh-free,0
7538,36,2,114,attraction,B,L,0,competitor,6460.0,0.78,0.62,0.6,5,15,14,0,1,2,False,True,False,[1 1 2 2 1 0 0 0 2 1 1 1 1 2 2 2 2 2 0 0],[0 0 0 0 1 0 1 1 1 0 0 1 0 1 0 0 1 1 1 1],"[0.216    0.258    0.2      0.125    0.216    0.258    0.834    0.208
 0.559    0.108    0.308    0.15     0.317    0.241    0.125    0.275
 0.166    0.517    0.367    0.191391]",0,sb_int-additive_comp-vsmean_gbatt-true_gbalt-true_lk-none_inh-free,0
7539,36,2,115,filler,,L,2,,4130.0,0.27,0.47,0.86,37,21,11,2,1,0,False,False,True,[1 0 0 0 1 2 2 2 1],[1 1 1 0 0 1 0 0 1],[0.217   0.35    0.342   0.233   0.175   0.358   0.751   1.026   0.25505],2,sb_int-additive_comp-vsmean_gbatt-true_gbalt-true_lk-none_inh-free,0
7540,36,2,116,attraction,A,M,1,competitor,6710.0,0.75,0.65,0.73,5,14,4,0,1,2,True,False,True,[1 0 0 0 1 1 2 1 1 1 1 0 0 0 1 1 1 2 2 2 1],[1 1 0 0 0 0 1 1 1 0 1 1 0 0 1 0 1 1 1 0 1],"[0.475    0.417    0.166    0.116    0.1      0.166    0.417    0.192
 0.283    0.283    0.266    0.392    0.116    0.6      0.267    0.291
 0.509    0.225    0.175    0.158    0.271863]",1,sb_int-additive_comp-vsmean_gbatt-true_gbalt-true_lk-none_inh-free,0
7541,36,2,117,attraction,B,R,1,target,4940.0,0.78,0.62,0.6,4,15,14,0,2,1,False,True,True,[2 0 0 0 0 0 2 2 2 2 1 1 1],[1 0 1 1 0 0 1 0 0 1 1 0 0],"[0.208    0.241    0.125    0.65     0.267    0.175    0.258    0.333
 1.076    0.166    0.3      0.3      0.311152]",2,sb_int-additive_comp-vsmean_gbatt-true_gbalt-true_lk-none_inh-free,0
7542,36,2,118,attraction,A,R,1,competitor,4710.0,0.72,0.65,0.7,4,15,3,0,2,1,False,True,True,[2 2 1 1 1 1 0 0 0 0 1 1 2 2 2],[1 0 1 1 0 0 1 1 0 0 1 0 0 1 0],"[0.25  0.267 0.108 0.191 0.166 0.667 0.091 0.292 0.258 0.133 0.175 0.141
 0.534 0.267 0.233]",1,sb_int-additive_comp-vsmean_gbatt-true_gbalt-true_lk-none_inh-free,0
7543,36,2,119,attraction,A,L,1,competitor,4270.0,0.75,0.68,0.73,4,14,3,2,0,1,True,True,True,[2 0 0 0 2 1 1 1 2 0 1],[0 1 1 0 1 1 0 0 0 0 0],"[0.283    0.108    0.233    0.342    0.834    0.191    0.217    0.367
 0.35     0.266    0.100336]",2,sb_int-additive_comp-vsmean_gbatt-true_gbalt-true_lk-none_inh-free,0
7544,36,2,120,compromise,A,R,1,competitor,4100.0,0.75,0.68,0.88,4,15,3,0,2,1,True,True,True,[2 2 2 2 1 2 2 1 1 1 0 0 0 1],[0 0 1 1 1 0 0 0 1 0 1 1 0 0],"[0.216    0.091    0.183    0.258    0.333    0.217    0.133    0.158
 0.45     0.342    0.125    0.225    0.534    0.244277]",0,sb_int-additive_comp-vsmean_gbatt-true_gbalt-true_lk-none_inh-free,0
7545,36,2,121,compromise,B,L,1,target,7050.0,0.75,0.68,0.55,4,14,34,1,0,2,True,False,False,[0 2 2 2 2 0 0 0 0 1 1 1 1 2 2 2 2 2 1 1 1],[1 0 0 1 1 0 0 1 0 1 0 1 1 1 1 0 0 1 0 1 1],"[0.15     0.25     0.183    0.141    0.342    0.141    0.333    0.35
 0.133    0.383    0.283    0.116    1.093    0.1      0.358    0.2
 0.3      0.425    0.191    0.317    0.424063]",2,sb_int-additive_comp-vsmean_gbatt-true_gbalt-true_lk-none_inh-free,0
7546,36,2,122,attraction,B,M,1,target,6060.0,0.72,0.68,0.66,5,14,13,0,1,2,False,False,False,[1 1 1 0 0 1 2 2 2 2 1 1 2 2 1],[1 1 0 0 1 1 1 0 0 1 1 0 0 1 1],"[0.275    1.326    0.241    0.275    0.867    0.266    0.342    0.192
 0.175    0.241    0.458    0.158    0.342    0.133    0.131382]",1,sb_int-additive_comp-vsmean_gbatt-true_gbalt-true_lk-none_inh-free,0
7547,36,2,123,filler,,M,2,,3710.0,0.19,0.56,0.8,52,17,12,2,0,1,False,False,False,[2 1 2 2 2 2 0 2 1 1],[1 1 1 0 0 1 1 1 1 0],"[0.959    0.726    0.158    0.175    0.191    0.208    0.458    0.116
 0.175    0.100554]",1,sb_int-additive_comp-vsmean_gbatt-true_gbalt-true_lk-none_inh-free,0
7548,36,2,124,compromise,A,M,1,competitor,6050.0,0.72,0.65,0.82,5,15,2,0,1,2,True,False,False,[1 1 0 2 2 2 2 1 1 0 0 0 1 1 1],[1 1 0 1 0 0 1 0 1 0 1 0 1 0 1],"[0.208  1.109  0.283  0.3    0.342  0.116  0.158  0.392  0.3    0.467
 0.325  0.308  0.851  0.233  0.0581]",1,sb_int-additive_comp-vsmean_gbatt-true_gbalt-true_lk-none_inh-free,0
7549,36,2,125,attraction,A,M,0,target,7270.0,0.78,0.62,0.76,5,14,4,1,0,2,False,True,True,[0 0 1 1 1 0 0 0 0 0 0 0 2 2 2 2 1 1 1 0],[1 1 0 1 1 0 1 1 1 0 0 1 0 1 0 0 0 0 0 1],"[0.2      0.175    0.492    0.325    0.784    0.383    0.241    0.592
 0.35     0.183    0.225    0.208    0.25     0.442    0.325    0.091
 0.108    0.266    0.242    0.172662]",0,sb_int-additive_comp-vsmean_gbatt-true_gbalt-true_lk-none_inh-free,0
7550,36,2,126,compromise,A,M,1,competitor,6760.0,0.78,0.68,0.88,4,15,3,0,1,2,True,False,False,[1 1 1 0 0 0 1 1 1 1 1 1 2 2 2 2 0 0 0 0 1],[1 0 0 1 0 0 1 0 1 1 1 0 1 1 0 0 1 1 0 0 1],"[1.268    0.225    0.183    0.35     0.25     0.241    0.225    0.108
 0.1      0.283    0.091    0.292    0.35     0.116    0.283    0.091
 0.116    0.308    0.317    0.634    0.157707]",2,sb_int-additive_comp-vsmean_gbatt-true_gbalt-true_lk-none_inh-free,0
7551,36,2,127,attraction,B,M,0,competitor,7480.0,0.72,0.62,0.6,5,15,14,1,2,0,True,True,False,[0 1 0 2 2 2 2 0 0 0 0 0 1 1 1 1 0 2 2 2 2 2 0 0 0 0 0],[0 0 0 1 1 0 0 0 0 0 0 1 1 0 0 1 1 0 1 1 0 1 0 1 1 0 0],"[0.292    0.25     0.208    0.267    0.291    0.216    0.659    0.133
 0.458    0.45     0.141    0.216    0.342    0.083    0.317    0.417
 0.108    0.258    0.116    0.275    0.108    0.141    0.217    0.15
 0.183    0.083    0.091652]",0,sb_int-additive_comp-vsmean_gbatt-true_gbalt-true_lk-none_inh-free,0
7552,36,2,128,filler,,L,2,,2600.0,0.31,0.38,0.85,32,26,11,2,1,0,True,True,False,[1 1 0 0 1 2 2 2 0 0],[0 0 1 1 1 0 1 1 0 0],"[0.2      0.208    0.241    0.083    0.392    0.475    0.233    0.141
 0.15     0.094048]",2,sb_int-additive_comp-vsmean_gbatt-true_gbalt-true_lk-none_inh-free,0
7553,36,2,129,compromise,A,L,1,competitor,7670.0,0.78,0.62,0.85,4,15,2,1,0,2,True,False,False,[0 1 1 1 1 1 0 0 0 0 0 2 2 2 1 1 1 1 0 0 0 0 1 1],[0 1 0 0 1 1 0 0 0 1 1 0 1 1 1 1 0 1 0 0 1 1 1 1],"[0.458   0.275   0.116   0.217   0.216   0.166   0.4     0.725   0.475
 0.25    0.225   0.333   0.684   0.166   0.191   0.141   0.292   0.425
 0.125   0.55    0.175   0.158   0.175   0.05274]",1,sb_int-additive_comp-vsmean_gbatt-true_gbalt-true_lk-none_inh-free,0
7554,36,2,130,compromise,B,R,1,target,10660.0,0.72,0.68,0.58,5,14,35,0,2,1,False,False,True,[2 1 1 1 1 1 2 0 0 0 0 2 2 2 2 2 1 1 1 1 0 0 0 0 1],[0 1 1 0 1 1 0 1 1 1 0 0 0 0 1 1 0 1 1 1 1 1 0 0 0],"[0.266    0.275    0.15     0.392    0.108    0.191    0.308    0.467
 2.636    1.827    0.291    0.158    0.408    0.1      0.283    0.225
 0.4      0.141    0.191    0.183    0.083    0.333    0.091    0.125
 0.049192]",0,sb_int-additive_comp-vsmean_gbatt-true_gbalt-true_lk-none_inh-free,0
7555,36,2,131,attraction,B,L,1,target,8109.999999999999,0.72,0.65,0.63,5,14,13,1,0,2,True,True,False,[0 2 0 0 1 1 1 1 1 1 1 0 2 0 0 1 1 1 1 1 1 2 2 2],[0 1 0 1 1 0 0 1 1 0 0 0 1 1 0 0 0 1 0 0 0 1 1 0],"[0.475 0.317 0.292 0.183 0.383 0.308 0.867 0.091 0.292 0.166 0.108 0.241
 0.509 0.308 0.776 0.175 0.1   0.342 0.2   0.2   0.125 0.125 0.317 0.258]",1,sb_int-additive_comp-vsmean_gbatt-true_gbalt-true_lk-none_inh-free,0
7556,36,2,132,filler,,M,2,,3610.0,0.32,0.6,0.78,31,16,12,0,2,1,False,False,False,[2 2 0 0 2 2 2 2 1 1 1 2 0 0],[1 1 1 1 1 1 0 1 1 0 0 0 0 1],"[0.175    0.233    0.25     0.125    0.367    0.1      0.3      0.208
 0.6      0.192    0.133    0.116    0.258    0.023373]",2,sb_int-additive_comp-vsmean_gbatt-true_gbalt-true_lk-none_inh-free,0
7557,36,2,133,compromise,A,M,1,competitor,4670.0,0.75,0.62,0.88,4,15,3,0,1,2,True,True,False,[1 1 1 2 2 2 2 1 0 0 0 1 1 1 1],[0 0 0 1 1 0 0 1 1 0 0 0 1 0 0],"[0.125    0.091    0.225    0.876    0.5      0.208    0.116    0.25
 0.467    0.208    0.108    0.291    0.333    0.233    0.169708]",1,sb_int-additive_comp-vsmean_gbatt-true_gbalt-true_lk-none_inh-free,0
7558,36,2,134,compromise,B,M,0,competitor,8580.0,0.75,0.65,0.55,5,14,34,1,2,0,True,True,True,[0 1 2 1 1 1 1 2 2 0 0 0 1 1 0 2 0 0 2 2 2 0 1 1 1 0 0 0],[0 0 0 1 0 0 1 1 1 1 0 0 0 1 1 1 1 0 0 0 1 1 1 0 0 0 0 0],"[0.283    0.283    0.225    0.292    0.2      0.425    0.233    0.133
 0.283    0.409    0.3      0.1      0.267    0.208    0.292    0.233
 0.242    0.267    0.467    0.133    0.166    0.342    0.425    0.225
 0.208    0.333    0.358    0.042156]",0,sb_int-additive_comp-vsmean_gbatt-true_gbalt-true_lk-none_inh-free,0
7559,36,2,135,compromise,A,M,0,target,6010.0,0.78,0.68,0.82,5,15,3,1,0,2,False,True,True,[0 2 2 0 2 2 2 2 2 0 0 1 1 1 0 0],[1 0 1 0 1 1 1 0 0 1 0 1 0 0 0 1],"[0.25     0.292    0.166    0.475    0.208    0.1      0.15     0.108
 0.141    0.317    0.191    0.267    0.108    1.543    0.283    0.637326]",0,sb_int-additive_comp-vsmean_gbatt-true_gbalt-true_lk-none_inh-free,0
7560,36,2,136,compromise,A,R,0,target,9580.0,0.75,0.65,0.85,5,15,3,2,1,0,False,False,True,[1 1 2 2 2 1 1 1 1 0 0 0 0 1 1 1 1 1 1 0 0 0 0],[1 1 0 0 1 0 0 0 1 0 0 1 1 1 1 0 0 1 1 0 0 1 1],"[0.317    0.125    0.166    0.584    0.283    0.158    0.292    0.183
 0.442    0.125    0.208    0.283    0.216    1.493    1.927    0.483
 0.091    0.233    0.2      0.175    0.141    0.45     0.234779]",1,sb_int-additive_comp-vsmean_gbatt-true_gbalt-true_lk-none_inh-free,0
7561,36,2,137,attraction,B,M,1,target,13580.0,0.72,0.62,0.6,5,14,13,0,1,2,True,True,True,"[1 1 2 1 0 0 0 0 1 2 2 2 1 1 2 2 1 1 1 0 0 0 1 1 1 1 1 1 0 0 0 1 1 0 0 0 0
 0 2 2 2 2 1 1]","[0 0 1 1 1 0 0 1 1 1 1 0 0 1 1 1 0 0 1 1 0 0 0 0 0 0 1 1 1 0 0 0 0 0 1 1 0
 0 0 0 1 0 0 0]","[0.217    0.216    0.175    0.2      0.216    0.25     0.208    0.283
 0.241    0.192    0.083    0.233    0.542    0.559    0.225    0.125
 0.208    0.2      0.258    0.392    0.283    0.125    0.35     0.283
 0.175    0.45     0.166    0.15     0.425    0.367    0.6      0.4
 0.308    0.742    0.367    0.166    0.225    0.133    0.2      0.2
 0.475    0.417    0.342    0.038618]",0,sb_int-additive_comp-vsmean_gbatt-true_gbalt-true_lk-none_inh-free,0
7562,36,2,138,attraction,B,M,1,target,10650.0,0.75,0.62,0.6,4,15,14,0,1,2,False,False,True,[1 0 0 1 1 1 1 2 2 2 1 1 1 1 1 0 1 1 0 0 1 1 2 2 2 2 2 2 1 1],[1 1 0 0 1 1 0 1 0 0 1 0 0 0 0 0 0 1 1 0 0 0 1 1 0 0 0 1 0 1],"[0.333    0.375    0.392    0.258    0.242    0.233    0.158    0.358
 0.25     1.193    0.3      0.225    0.483    0.275    0.158    0.325
 0.225    0.358    0.292    0.3      0.116    0.125    0.083    0.191
 0.133    0.091    1.059    1.109    0.133    0.055211]",1,sb_int-additive_comp-vsmean_gbatt-true_gbalt-true_lk-none_inh-free,0
7563,36,2,139,compromise,B,M,1,target,8200.0,0.78,0.65,0.52,5,14,34,2,1,0,False,False,False,[1 2 0 0 0 0 1 2 1 1 1 1 1 0 1 1 1 0 0],[1 1 1 1 0 1 1 1 1 0 0 1 1 1 1 1 1 1 0],"[0.35  0.283 0.15  0.133 0.308 0.208 0.342 0.267 0.241 0.125 0.3   0.125
 0.392 0.216 0.308 1.927 1.343 0.358 0.158]",1,sb_int-additive_comp-vsmean_gbatt-true_gbalt-true_lk-none_inh-free,0
7564,36,2,140,filler,,L,2,,5820.0,0.19,0.59,0.81,52,16,12,1,2,0,True,False,False,[0 1 1 1 2 2 0 0 0 0 2 2 2 2 2 2 2 2 2 2 2 1],[0 1 1 0 0 0 1 1 0 0 1 1 0 0 1 1 0 1 1 0 1 1],"[0.166   0.225   0.116   0.383   0.2     0.108   0.125   0.216   0.283
 0.492   0.108   0.358   0.233   0.2     0.083   0.375   0.2     0.1
 0.191   0.392   0.317   0.02458]",2,sb_int-additive_comp-vsmean_gbatt-true_gbalt-true_lk-none_inh-free,0
7565,36,2,141,attraction,A,L,1,competitor,9650.0,0.72,0.65,0.7,5,15,4,2,0,1,True,True,True,[2 0 0 1 1 2 2 1 1 1 1 1 1 0 0 0 0 1 1 1 0 0 0 0 1 1 1 0 2 2 2 1 1],[0 0 1 1 1 1 0 0 1 1 0 1 1 1 0 0 0 0 1 0 1 1 0 0 0 1 1 1 1 0 0 0 0],"[0.191    0.208    0.233    0.166    0.183    0.325    0.258    0.258
 0.3      0.183    0.3      0.091    0.116    0.275    0.233    0.458
 0.116    0.325    0.333    0.375    0.484    0.225    0.166    0.267
 0.342    0.083    0.992    0.116    0.233    0.108    0.325    0.083
 0.094147]",1,sb_int-additive_comp-vsmean_gbatt-true_gbalt-true_lk-none_inh-free,0
7566,36,2,142,attraction,A,M,1,competitor,6650.0,0.75,0.65,0.73,5,15,4,2,1,0,False,True,True,[1 1 0 2 2 1 1 1 1 1 1 1 1 0 0 0 1 1 2 2 2 1],[0 0 1 0 1 1 0 0 0 0 1 1 0 0 0 1 0 1 1 0 0 0],"[0.241    0.166    0.158    0.292    0.459    0.258    0.158    0.091
 0.667    0.208    0.3      0.208    0.175    0.175    0.091    0.283
 0.392    0.367    0.258    0.292    0.4      0.309703]",1,sb_int-additive_comp-vsmean_gbatt-true_gbalt-true_lk-none_inh-free,0
7567,36,2,143,compromise,B,M,1,target,2950.0,0.72,0.68,0.52,5,15,35,0,1,2,True,False,False,[1 1 1 1 1 2 0 0 0 1],[1 0 0 1 1 1 1 1 0 1],[0.475 0.208 0.133 0.083 0.125 0.275 0.091 0.192 0.358 0.3  ],1,sb_int-additive_comp-vsmean_gbatt-true_gbalt-true_lk-none_inh-free,0
7568,36,2,144,attraction,B,M,1,target,6010.0,0.78,0.62,0.6,4,14,13,0,1,2,False,False,False,[1 2 0 0 0 0 0 1 2 2 2 1 1 1 1 1 2 0 0 0 1 1],[1 1 1 1 0 1 1 1 1 0 0 0 1 0 0 1 1 1 0 0 0 1],"[0.292   0.325   0.175   0.258   0.4     0.083   0.116   0.609   0.333
 0.083   0.133   0.208   0.375   0.275   0.125   0.233   0.3     0.275
 0.15    0.325   0.158   0.06389]",0,sb_int-additive_comp-vsmean_gbatt-true_gbalt-true_lk-none_inh-free,0
7569,36,2,145,compromise,A,L,0,target,11360.0,0.78,0.65,0.82,5,14,2,0,1,2,False,True,False,[1 2 2 1 1 1 0 0 0 1 1 1 1 0 0 0 0 0 0 0 1 1 1 1 1 0 0 0 0],[0 1 0 1 0 0 0 1 0 1 1 0 0 1 1 0 0 1 1 0 1 1 0 0 0 1 1 1 1],"[0.342    0.492    0.317    0.525    0.517    0.091    0.283    0.317
 0.292    0.5      0.1      0.258    0.225    0.116    0.283    0.358
 0.083    0.267    0.617    0.183    0.133    0.375    0.233    0.241
 0.133    0.901    1.285    0.433    0.406496]",1,sb_int-additive_comp-vsmean_gbatt-true_gbalt-true_lk-none_inh-free,0
7570,36,2,146,compromise,B,L,1,target,4020.0,0.72,0.62,0.55,5,14,35,2,0,1,False,False,False,[2 1 0 0 0 2 1 1 1 2 2 1],[1 1 1 0 1 1 1 0 1 1 0 0],"[0.642    0.275    0.458    0.225    0.125    0.258    0.233    0.275
 0.258    0.509    0.166    0.043164]",2,sb_int-additive_comp-vsmean_gbatt-true_gbalt-true_lk-none_inh-free,0
7571,36,2,147,attraction,B,R,1,target,8790.0,0.78,0.65,0.63,4,15,14,1,2,0,True,False,True,[0 1 1 1 0 0 0 2 2 2 2 2 1 1 1 1 1 1 2 2 2 0 0 0 1],[0 1 1 0 1 0 0 0 1 0 0 1 0 0 1 1 0 0 0 0 1 1 0 0 1],"[0.191    0.308    0.183    0.333    0.367    0.091    0.141    0.375
 0.3      0.383    0.508    0.275    0.091    0.317    0.233    0.292
 0.166    1.927    0.141    0.241    0.2      0.191    0.3      0.108
 0.235723]",2,sb_int-additive_comp-vsmean_gbatt-true_gbalt-true_lk-none_inh-free,0
7572,36,2,148,compromise,A,R,0,target,5510.0,0.78,0.62,0.85,5,14,2,2,1,0,False,True,False,[1 2 2 1 1 1 1 1 0 0 0 0 0 1 1 1 1 0],[0 1 0 0 0 0 1 0 1 0 0 0 0 1 1 0 0 1],"[0.225    0.367    0.25     0.15     0.467    0.175    0.216    0.2
 0.25     0.083    0.283    0.183    0.533    0.166    0.375    0.333
 0.266    0.210777]",0,sb_int-additive_comp-vsmean_gbatt-true_gbalt-true_lk-none_inh-free,0
7573,36,2,149,attraction,B,M,1,target,5440.0,0.72,0.62,0.6,5,15,14,2,1,0,False,True,True,[1 1 0 0 2 1 1 1 2 0 0 0 1 2 2 2 2 1 1],[0 0 1 0 1 1 0 0 0 0 0 1 0 0 0 1 0 1 0],"[0.225    0.141    0.133    0.217    0.308    0.45     0.35     0.091
 0.375    0.141    0.183    0.4      0.492    0.291    0.083    0.216
 0.317    0.217    0.084069]",0,sb_int-additive_comp-vsmean_gbatt-true_gbalt-true_lk-none_inh-free,0
7574,36,2,150,compromise,B,M,2,decoy,10130.0,0.75,0.62,0.58,5,14,35,2,0,1,False,False,True,[2 1 1 1 2 2 2 2 0 0 0 2 2 1 1 1 1 0 1 1 2 2 1 1 2 2 2 2 1 2 2 0 0 2 2 2],[0 1 1 0 1 1 0 0 1 0 1 0 0 0 0 1 1 1 1 1 1 1 0 1 1 0 0 1 0 0 0 1 1 0 1 0],"[0.241    0.1      0.116    0.183    0.225    0.183    0.1      0.35
 0.45     0.217    0.242    0.1      0.458    0.2      0.141    0.3
 0.216    0.342    0.158    0.909    0.15     0.15     0.233    0.241
 0.325    0.325    0.183    0.091    0.317    0.141    0.2      0.433
 0.35     0.183    0.292    0.082906]",2,sb_int-additive_comp-vsmean_gbatt-true_gbalt-true_lk-none_inh-free,0
7575,36,3,151,filler,,M,2,,5340.0,0.28,0.67,0.78,35,14,12,0,2,1,True,False,False,[2 0 0 2 2 1 1 2 2 2 2 0 2],[1 0 1 0 0 0 1 1 0 1 1 0 1],"[0.442   0.383   0.242   0.1     0.292   0.216   0.208   0.484   0.183
 0.091   0.367   0.333   0.35091]",2,sb_int-additive_comp-vsmean_gbatt-true_gbalt-true_lk-none_inh-free,0
7576,36,3,152,attraction,A,L,0,target,5520.0,0.78,0.62,0.76,5,15,4,0,2,1,True,False,False,[2 0 0 0 2 2 1 2 2 1 1 1 0 0 0 0 0],[1 0 1 0 1 1 1 0 0 0 1 1 0 0 1 1 0],"[0.292    0.266    0.475    0.258    0.283    0.175    0.283    0.208
 0.141    0.292    0.083    0.817    0.233    0.267    0.1      0.258
 0.487835]",0,sb_int-additive_comp-vsmean_gbatt-true_gbalt-true_lk-none_inh-free,0
7577,36,3,153,attraction,B,R,0,competitor,5980.0,0.72,0.62,0.6,6,14,13,2,0,1,False,True,False,[2 2 1 1 1 2 0 0 0 2 1 1 2 2 2 2 1 0],[1 1 0 0 1 0 0 0 1 1 0 1 1 1 0 0 1 1],"[0.233    0.233    0.208    0.091    0.267    0.225    0.116    0.108
 0.367    0.408    0.692    0.383    0.091    0.317    0.208    0.091
 0.166    0.659138]",2,sb_int-additive_comp-vsmean_gbatt-true_gbalt-true_lk-none_inh-free,0
7578,36,3,154,attraction,A,M,0,target,8760.0,0.72,0.62,0.7,6,15,5,1,0,2,True,True,False,[0 2 0 1 1 0 1 1 0 0 2 2 0 0 2 0 1 1 0 0 1 1 0 0],[0 1 0 0 0 1 1 1 0 0 1 0 1 1 1 0 0 1 1 1 1 0 0 0],"[0.25    0.734   0.233   0.25    0.809   0.55    0.3     0.125   0.191
 0.458   0.283   0.233   0.241   0.241   0.116   0.3     0.509   0.275
 0.208   0.367   0.55    0.291   0.192   0.30431]",0,sb_int-additive_comp-vsmean_gbatt-true_gbalt-true_lk-none_inh-free,0
7579,36,3,155,attraction,B,R,0,competitor,5910.0,0.72,0.62,0.6,6,15,14,2,1,0,True,True,True,[1 1 0 1 2 1 2 2 1 0 0 1 1 2 2 2 0],[0 0 0 0 0 1 1 1 1 1 0 0 0 0 0 1 1],"[0.208    0.425    0.258    0.158    0.433    0.241    0.217    0.183
 0.5      0.233    0.475    0.208    0.926    0.333    0.116    0.216
 0.113606]",1,sb_int-additive_comp-vsmean_gbatt-true_gbalt-true_lk-none_inh-free,0
7580,36,3,156,attraction,B,R,1,target,9030.0,0.75,0.68,0.66,5,14,13,1,2,0,True,True,True,[0 1 1 1 1 1 1 1 1 1 0 0 2 0 0 0 2 2 1 1 1 0 0],[0 0 0 1 1 0 0 1 1 0 0 1 1 0 0 1 1 0 1 0 0 0 1],"[0.191    0.317    0.158    0.575    0.509    0.241    0.358    0.275
 0.191    0.183    0.275    0.183    0.175    0.25     1.076    0.192
 0.2      0.083    0.308    0.342    0.325    0.492    0.170704]",1,sb_int-additive_comp-vsmean_gbatt-true_gbalt-true_lk-none_inh-free,0
7581,36,3,157,attraction,A,L,1,competitor,14420.0,0.72,0.65,0.7,5,15,4,1,0,2,True,True,True,[0 2 0 0 1 0 2 2 2 0 0 1 1 1 1 1 0 0 1 0 0 0 2 0 2 2 0 1 0 1 1 1],[0 0 0 1 1 1 1 1 0 0 0 0 1 0 0 1 1 1 1 0 0 0 0 0 1 0 0 0 1 1 0 0],"[0.258    0.35     0.266    0.3      0.258    0.141    0.208    0.116
 0.267    0.35     0.734    0.392    2.536    0.225    0.976    0.283
 0.383    0.208    0.275    0.141    0.25     0.225    0.258    0.275
 0.342    0.342    0.492    0.525    0.342    0.6      0.1      0.844675]",0,sb_int-additive_comp-vsmean_gbatt-true_gbalt-true_lk-none_inh-free,0
7582,36,3,158,attraction,B,M,0,competitor,6750.0,0.78,0.65,0.63,6,15,14,1,2,0,True,True,True,[0 0 1 1 1 1 1 2 2 2 2 2 2 1 0 0 0 0],[0 0 0 0 1 1 0 0 1 0 0 1 1 1 1 0 0 1],"[0.383 0.141 0.275 0.233 0.2   1.001 0.292 0.25  0.325 0.534 0.166 0.125
 0.108 0.258 0.308 0.275 1.043 0.191]",0,sb_int-additive_comp-vsmean_gbatt-true_gbalt-true_lk-none_inh-free,0
7583,36,3,159,filler,,R,2,,5830.0,0.19,0.59,0.81,52,16,12,0,1,2,False,True,True,[1 2 2 1 1 0 1 1 0 0 1 1 1 1 1 2 2 2 2 0],[0 0 0 0 1 0 1 0 1 0 1 1 0 0 0 1 0 0 0 1],"[0.25     0.158    0.191    0.25     0.2      0.483    0.4      0.208
 0.442    0.166    0.083    0.083    0.283    0.108    0.233    0.508
 0.333    0.191    0.183    0.170166]",2,sb_int-additive_comp-vsmean_gbatt-true_gbalt-true_lk-none_inh-free,0
7584,36,3,160,attraction,B,R,0,competitor,9350.0,0.78,0.62,0.6,5,15,14,2,0,1,True,True,True,[2 0 2 2 0 0 0 0 1 1 2 2 2 2 1 1 1 1 2 2 2 0 0 0 0 2 1 1 1 2 2],[0 0 0 0 1 1 0 0 1 1 1 1 0 0 0 1 1 0 1 1 0 1 0 0 0 0 0 0 1 1 0],"[0.2      0.425    0.45     0.1      0.175    0.317    0.216    0.108
 0.116    0.217    0.166    0.083    0.233    0.241    0.634    0.45
 0.2      0.292    0.125    0.233    0.225    0.383    0.2      0.509
 0.559    0.225    0.083    0.383    0.233    0.266    0.163368]",0,sb_int-additive_comp-vsmean_gbatt-true_gbalt-true_lk-none_inh-free,0
7585,36,3,161,attraction,A,R,1,competitor,5370.0,0.75,0.68,0.73,5,14,4,0,2,1,False,True,False,[2 1 1 1 1 1 0 0 0 0 1 1 1 1 2 2 0 2 2 1 1],[1 0 1 1 0 0 1 1 0 0 1 1 0 0 1 0 0 0 1 1 0],"[0.242    0.25     0.242    0.25     0.383    0.116    0.2      0.158
 0.191    0.125    0.183    0.2      0.275    0.575    0.175    0.283
 0.166    0.167    0.258    0.175    0.046786]",1,sb_int-additive_comp-vsmean_gbatt-true_gbalt-true_lk-none_inh-free,0
7586,36,3,162,attraction,A,R,0,target,3860.0,0.75,0.65,0.73,6,15,5,2,0,1,False,False,True,[2 0 0 2 1 1 1 2 0 0 0 0 0 2 1],[0 1 1 0 0 1 1 0 1 0 0 1 1 0 1],"[0.2   0.308 0.15  0.175 0.242 0.208 0.158 0.442 0.241 0.225 0.191 0.15
 0.2   0.191 0.15 ]",0,sb_int-additive_comp-vsmean_gbatt-true_gbalt-true_lk-none_inh-free,0
7587,36,3,163,attraction,B,L,0,competitor,2920.0,0.78,0.65,0.63,6,15,14,0,1,2,False,True,True,[1 0 0 1 1 2 2 1 1 0],[0 1 0 0 0 0 1 1 1 1],"[0.158    0.508    0.283    0.267    0.1      0.175    0.258    0.358
 0.083    0.166106]",0,sb_int-additive_comp-vsmean_gbatt-true_gbalt-true_lk-none_inh-free,0
7588,36,3,164,attraction,B,R,1,target,4960.0,0.72,0.65,0.63,6,14,13,0,2,1,False,False,True,[2 0 0 2 0 2 2 1 1 1 0 0 0],[0 1 0 1 1 0 1 0 1 1 1 1 0],"[0.325 0.175 0.25  0.175 0.292 0.484 0.317 0.392 0.4   0.191 0.141 0.534
 0.308]",0,sb_int-additive_comp-vsmean_gbatt-true_gbalt-true_lk-none_inh-free,0
7589,36,3,165,compromise,B,R,0,competitor,11430.0,0.72,0.62,0.55,6,14,35,2,0,1,True,False,False,[2 2 0 0 0 1 1 1 1 1 1 1 2 2 2 0 0 0 2 2 2 2 2 1 1 0 0 0 0 1 1 0],[1 1 0 1 1 0 1 1 0 1 1 1 0 1 1 0 1 1 0 1 1 0 0 0 1 0 1 0 0 1 1 0],"[0.241   0.175   0.425   0.166   0.2     0.275   0.258   0.083   0.559
 0.166   0.35    0.158   0.325   0.383   0.709   0.216   0.108   0.383
 0.534   0.266   0.525   0.116   0.225   0.308   0.525   0.508   0.917
 0.317   0.35    0.317   0.15    0.17911]",0,sb_int-additive_comp-vsmean_gbatt-true_gbalt-true_lk-none_inh-free,0
7590,36,3,166,compromise,A,R,1,competitor,5300.0,0.72,0.68,0.82,6,15,3,1,2,0,False,True,True,[0 0 2 1 1 1 1 2 2 2 0 0 0 1 1 1],[1 1 0 0 1 1 0 1 1 0 0 1 1 0 1 0],"[0.083    0.133    0.292    0.258    0.233    0.166    0.175    0.15
 0.325    0.275    0.308    0.091    0.967    0.625    0.275    0.231151]",1,sb_int-additive_comp-vsmean_gbatt-true_gbalt-true_lk-none_inh-free,0
7591,36,3,167,attraction,A,R,0,target,5130.0,0.78,0.68,0.76,5,15,4,2,1,0,False,True,True,[1 0 0 0 1 2 1 0 0 0 0 1 1 1 2 2 2 2 0 0],[0 1 0 0 1 1 1 0 0 1 1 0 0 1 0 0 1 1 0 1],"[0.25     0.267    0.258    0.1      0.258    0.283    0.091    0.15
 0.216    0.125    0.1      0.267    0.191    0.45     0.575    0.125
 0.166    0.191    0.158    0.133327]",1,sb_int-additive_comp-vsmean_gbatt-true_gbalt-true_lk-none_inh-free,0
7592,36,3,168,attraction,A,M,1,competitor,17740.0,0.72,0.65,0.7,6,15,5,2,1,0,True,True,True,"[1 1 0 1 2 2 0 0 1 1 1 1 0 0 1 2 2 1 1 1 1 1 1 1 1 0 0 0 0 1 1 1 1 1 0 0 0
 1 1 0 0 2 2 1 1 0 0 0 0 1 0 1 1 1 1]","[0 0 1 1 1 1 1 1 1 1 0 0 0 0 0 0 0 0 0 0 0 1 1 0 0 1 0 0 1 1 1 0 0 1 1 0 0
 0 1 1 0 0 1 1 0 0 0 1 0 0 1 1 1 0 0]","[0.183    0.166    0.217    0.25     0.267    0.083    0.216    0.951
 0.15     0.2      0.233    0.409    0.291    0.175    0.175    0.275
 0.183    0.308    0.191    0.233    0.509    0.25     0.45     0.208
 0.717    0.233    0.183    0.333    0.266    0.342    0.1      0.291
 0.275    0.358    0.275    0.141    0.1      0.408    0.267    0.275
 0.133    0.283    0.35     0.216    0.575    0.091    0.15     0.283
 0.35     0.208    0.433    0.317    0.942    0.166    0.041677]",1,sb_int-additive_comp-vsmean_gbatt-true_gbalt-true_lk-none_inh-free,0
7593,36,3,169,filler,,R,2,,5020.0,0.16,0.46,0.87,62,21,11,0,1,2,False,False,True,[1 0 1 1 0 0 0 2 0 0 2 2 2 2 2 2 2 2],[1 1 0 0 0 1 1 1 0 0 1 1 0 0 0 0 1 0],"[0.425    0.726    0.25     0.083    0.183    0.191    0.133    0.191
 0.3      0.141    0.133    0.258    0.275    0.433    0.166    0.191
 0.208    0.044121]",2,sb_int-additive_comp-vsmean_gbatt-true_gbalt-true_lk-none_inh-free,0
7594,36,3,170,compromise,A,L,0,target,4790.0,0.75,0.65,0.85,6,15,4,0,1,2,False,False,False,[1 0 2 2 2 2 1 1 0 0 1 0 0 0 0 1],[1 1 1 1 0 1 1 0 0 1 1 1 1 0 0 0],"[0.25  0.267 0.166 0.083 0.283 0.183 0.275 0.258 0.342 0.4   0.65  0.183
 0.091 0.141 0.317 0.191]",2,sb_int-additive_comp-vsmean_gbatt-true_gbalt-true_lk-none_inh-free,0
7595,36,3,171,compromise,B,M,0,competitor,7640.0,0.75,0.62,0.58,5,15,34,1,2,0,True,True,True,[0 2 0 2 0 0 1 1 1 1 2 2 2 2 0 0 1 1 1 1 0],[0 0 1 1 1 0 1 0 0 1 0 0 1 0 1 0 1 1 0 0 0],"[0.216    0.275    0.275    0.417    1.034    0.634    0.292    0.242
 0.2      0.15     0.1      0.241    0.408    0.542    0.283    0.375
 0.175    0.258    0.183    0.1      0.230956]",0,sb_int-additive_comp-vsmean_gbatt-true_gbalt-true_lk-none_inh-free,0
7596,36,3,172,compromise,B,L,0,competitor,9940.0,0.75,0.68,0.55,5,14,34,0,2,1,False,True,True,"[2 2 1 2 0 0 2 2 2 2 1 1 1 1 1 0 0 0 0 0 0 2 2 1 1 1 1 0 2 2 2 1 1 1 0 0 0
 0 0]","[0 0 1 1 0 0 1 1 0 0 0 0 0 1 0 1 1 1 0 0 1 1 1 1 0 0 1 1 0 0 1 1 0 0 1 1 0
 1 1]","[0.208    0.158    0.216    0.158    0.158    0.166    0.408    0.475
 0.175    0.083    0.091    0.191    0.116    0.317    0.208    0.108
 0.225    0.525    0.108    0.241    0.266    0.141    0.1      0.4
 0.125    0.258    0.2      0.417    0.108    0.408    0.283    0.15
 0.116    0.358    0.3      0.233    0.225    0.275    0.164928]",0,sb_int-additive_comp-vsmean_gbatt-true_gbalt-true_lk-none_inh-free,0
7597,36,3,173,attraction,A,L,1,competitor,10320.0,0.72,0.65,0.7,5,15,4,1,0,2,True,False,True,[0 1 1 1 0 2 2 2 0 0 0 0 1 1 1 1 0 0 0 0 0 0 0 1 1 1 1 0 0 1 1],[0 1 1 0 1 1 0 0 0 0 1 0 1 1 0 0 1 1 0 0 1 0 1 0 1 0 1 1 0 1 1],"[0.308    0.267    0.926    0.266    0.141    0.233    0.183    0.141
 0.342    0.125    0.333    0.208    0.392    0.559    0.225    0.333
 0.167    0.083    0.083    0.675    0.241    0.317    0.141    0.1
 0.35     0.35     0.367    0.208    0.809    0.133    0.195255]",1,sb_int-additive_comp-vsmean_gbatt-true_gbalt-true_lk-none_inh-free,0
7598,36,3,174,compromise,B,L,0,competitor,8210.0,0.72,0.62,0.55,6,14,35,0,1,2,True,True,False,[1 1 2 2 0 0 0 0 0 0 1 2 2 2 2 2 0 0 1 1 0 0 0 1 1],[0 0 1 0 1 1 0 0 1 1 1 0 1 1 0 0 1 0 0 1 1 0 0 0 0],"[0.083    0.241    0.725    0.283    0.125    0.267    0.292    1.293
 0.392    0.192    0.266    0.166    0.325    0.125    0.091    0.233
 0.2      0.25     0.308    0.342    0.317    0.258    0.275    0.125
 0.118201]",0,sb_int-additive_comp-vsmean_gbatt-true_gbalt-true_lk-none_inh-free,0
7599,36,3,175,compromise,A,R,0,target,6600.0,0.72,0.68,0.82,6,15,3,2,0,1,False,False,True,[2 0 2 2 2 1 1 1 0 0 0 0 1 1 1 1 0 0 0 0 0],[0 1 0 1 1 0 1 1 1 1 0 0 1 1 0 0 1 0 0 1 1],"[0.208    0.225    0.525    0.216    0.2      0.383    0.342    0.525
 0.692    0.133    0.267    0.225    0.141    0.208    0.116    0.35
 0.3      0.108    0.35     0.208    0.190254]",1,sb_int-additive_comp-vsmean_gbatt-true_gbalt-true_lk-none_inh-free,0
7600,36,3,176,compromise,B,M,0,competitor,4840.0,0.78,0.62,0.55,6,14,35,1,0,2,False,True,False,[0 2 2 2 1 1 1 1 1 1 0 2 2 0 0 0 0],[1 1 1 0 1 1 0 1 1 0 1 1 0 0 1 0 1],"[0.216    0.258    0.125    0.108    0.175    0.191    0.267    0.158
 0.116    0.617    0.258    0.258    0.15     0.3      0.483    0.442
 0.079429]",0,sb_int-additive_comp-vsmean_gbatt-true_gbalt-true_lk-none_inh-free,0
7601,36,3,177,attraction,B,L,0,competitor,8210.0,0.78,0.62,0.6,6,15,14,0,1,2,False,True,True,[1 2 1 1 0 1 2 2 1 1 1 0 0 0 0 0 1 1 1 2 2 1 1 1 0 0 0],[0 0 0 0 0 1 1 0 1 0 1 1 1 0 0 1 0 0 1 1 1 1 0 1 1 0 1],"[0.192    0.3      0.55     0.116    0.342    0.241    0.308    0.183
 0.158    0.367    0.283    0.191    0.183    0.325    0.116    0.241
 0.2      0.183    0.275    0.083    0.233    0.166    0.675    0.417
 0.333    0.25     0.094106]",0,sb_int-additive_comp-vsmean_gbatt-true_gbalt-true_lk-none_inh-free,0
7602,36,3,178,compromise,A,L,0,target,5530.0,0.75,0.62,0.88,5,15,4,0,2,1,True,True,True,[2 1 1 1 2 0 2 2 0 0 0 1 1 1 0 0 0],[0 0 0 1 1 1 1 0 0 1 0 0 0 1 1 0 0],"[0.2      0.35     0.15     0.25     0.175    0.258    0.183    0.233
 0.183    0.317    0.358    0.108    0.175    0.25     0.909    0.275
 0.039137]",2,sb_int-additive_comp-vsmean_gbatt-true_gbalt-true_lk-none_inh-free,0
7603,36,3,179,compromise,B,R,1,target,7650.0,0.72,0.68,0.58,6,14,35,1,2,0,True,True,False,[0 1 1 2 2 0 0 1 1 1 1 1 1 2 2 2 2 0 0 0 1 1 0 1],[0 0 1 0 1 1 1 1 0 0 1 0 1 0 0 1 1 0 0 1 0 1 0 0],"[0.216    0.225    0.342    0.35     0.325    0.15     0.15     0.417
 0.308    0.358    0.392    0.283    0.225    0.133    0.241    0.166
 0.108    0.342    0.233    0.375    0.408    0.458    0.25     0.109664]",1,sb_int-additive_comp-vsmean_gbatt-true_gbalt-true_lk-none_inh-free,0
7604,36,3,180,attraction,A,M,0,target,5570.0,0.75,0.65,0.73,6,14,5,1,2,0,True,False,False,[0 1 1 0 2 2 2 0 0 0 1 1 0 0 1 1 1 1 1 1 0 2],[0 1 0 1 0 1 0 1 0 1 0 0 0 0 0 0 1 1 0 0 0 1],"[0.233    0.183    0.25     0.125    0.25     0.283    0.15     0.225
 0.35     0.45     0.133    0.116    0.225    0.208    0.225    0.091
 0.258    0.175    0.1      0.175    0.233    0.178139]",1,sb_int-additive_comp-vsmean_gbatt-true_gbalt-true_lk-none_inh-free,0
7605,36,3,181,attraction,A,M,1,competitor,6440.0,0.72,0.65,0.7,5,14,4,2,1,0,True,False,True,[1 2 2 2 2 1 1 1 1 0 0 1 1 1 0 0 0 2 2 2 1],[1 0 1 1 0 1 1 0 0 1 0 1 0 1 1 0 1 1 1 0 1],"[0.283    0.266    0.191    0.325    0.3      0.308    0.1      0.35
 0.15     0.283    0.266    0.442    0.408    0.3      0.275    0.333
 0.1      0.083    0.2      0.308    0.250454]",1,sb_int-additive_comp-vsmean_gbatt-true_gbalt-true_lk-none_inh-free,0
7606,36,3,182,compromise,A,R,0,target,4280.0,0.78,0.68,0.88,6,15,3,2,1,0,True,True,True,[1 1 0 0 0 1 1 1 2 2 2 1 1 1 0 0],[0 0 1 1 0 0 1 1 1 0 0 0 0 1 1 0],"[0.25     0.141    0.158    0.158    0.308    0.266    0.241    0.333
 0.383    0.141    0.217    0.158    0.216    0.217    0.3      0.081866]",0,sb_int-additive_comp-vsmean_gbatt-true_gbalt-true_lk-none_inh-free,0
7607,36,3,183,filler,,M,2,,8080.0,0.32,0.48,0.85,31,20,11,2,0,1,False,False,True,[2 2 0 2 2 0 2 2 2 1 2 2 2 2 2 2 0 0 0 0 1 1 2],[0 0 1 0 0 1 0 1 1 0 1 1 0 0 1 1 0 0 1 1 1 1 0],"[0.292   0.442   0.55    0.191   1.426   0.283   0.7     0.25    0.1
 0.325   0.2     0.45    0.15    0.492   0.091   0.2     0.25    0.166
 0.1     0.317   0.183   0.25    0.03343]",2,sb_int-additive_comp-vsmean_gbatt-true_gbalt-true_lk-none_inh-free,0
7608,36,3,184,filler,,R,2,,7930.0,0.32,0.6,0.78,31,16,12,1,0,2,True,True,False,[0 2 2 2 2 2 2 2 0 1 1 1 1 0 2 2 2 2 2 0 1 1 1 1 0 0],[0 1 0 0 1 1 0 0 1 1 1 0 1 1 0 1 1 0 1 0 0 0 1 1 1 0],"[0.35     0.35     0.283    0.183    0.392    0.425    0.125    0.25
 0.133    0.158    0.125    0.425    0.375    0.308    0.083    0.417
 0.534    0.367    0.175    0.275    0.191    0.333    0.116    0.225
 0.25     0.108589]",2,sb_int-additive_comp-vsmean_gbatt-true_gbalt-true_lk-none_inh-free,0
7609,36,3,185,compromise,A,R,1,competitor,6270.0,0.75,0.68,0.88,5,15,4,0,2,1,False,False,False,[2 2 2 1 1 1 0 0 0 0 1 1 1 1 0 0 0 1 1 1],[1 0 1 1 0 0 0 1 1 0 1 1 0 1 1 1 0 0 0 1],"[0.35     0.317    0.166    0.317    0.158    0.216    0.3      0.292
 0.141    0.266    0.158    0.216    0.392    0.258    0.208    0.267
 0.475    0.2      0.166    0.660164]",1,sb_int-additive_comp-vsmean_gbatt-true_gbalt-true_lk-none_inh-free,0
7610,36,3,186,attraction,B,M,0,competitor,9040.0,0.75,0.62,0.6,5,15,14,1,2,0,True,True,False,[0 1 0 2 0 0 0 0 0 2 2 1 1 1 1 2 2 0 0 0 0 2 2 2 2 0 0 1 1],[0 0 0 1 0 1 0 0 1 0 1 1 0 0 1 0 0 0 0 1 0 1 1 0 1 0 1 1 0],"[0.233 0.3   0.267 0.542 0.225 0.275 0.116 0.575 0.425 0.325 0.15  0.25
 0.292 0.116 0.291 0.133 0.175 0.133 0.208 0.275 0.225 0.141 0.225 0.25
 0.15  0.458 0.2   0.183 0.392]",0,sb_int-additive_comp-vsmean_gbatt-true_gbalt-true_lk-none_inh-free,0
7611,36,3,187,attraction,B,L,0,competitor,4900.0,0.78,0.65,0.63,5,15,14,0,1,2,False,True,True,[1 1 2 2 1 1 1 1 1 0 0 0 0 0 0 0 0 1 2 1],[0 0 0 0 0 0 0 1 1 0 1 1 0 0 1 1 1 0 1 1],"[0.216   0.141   0.275   0.492   0.1     0.175   0.233   0.258   0.133
 0.225   0.291   0.1     0.216   0.383   0.167   0.225   0.283   0.166
 0.225   0.02878]",1,sb_int-additive_comp-vsmean_gbatt-true_gbalt-true_lk-none_inh-free,0
7612,36,3,188,compromise,A,R,0,target,6210.0,0.78,0.62,0.85,5,15,3,2,0,1,False,True,True,[2 2 0 0 0 0 1 1 1 1 2 0 0 2 2 2 2 2 0 0],[0 1 0 1 1 0 1 0 0 1 1 0 1 0 1 1 0 1 0 1],"[0.45  0.241 0.241 0.242 0.191 0.392 0.267 0.192 0.233 0.392 0.242 0.233
 0.258 0.325 0.1   0.35  0.358 0.158 0.266 0.25 ]",2,sb_int-additive_comp-vsmean_gbatt-true_gbalt-true_lk-none_inh-free,0
7613,36,3,189,compromise,A,R,0,target,4270.0,0.78,0.68,0.82,6,15,4,2,0,1,False,False,True,[2 1 1 0 0 0 2 1 1 1 0 0 2 2 2],[0 1 0 1 0 0 1 0 1 0 1 1 0 1 1],"[0.383    0.191    0.25     0.3      0.217    0.15     0.175    0.225
 0.325    0.459    0.158    0.15     0.225    0.233    0.144863]",1,sb_int-additive_comp-vsmean_gbatt-true_gbalt-true_lk-none_inh-free,0
7614,36,3,190,attraction,B,R,1,target,10260.0,0.72,0.62,0.6,5,15,14,0,2,1,False,True,False,"[2 1 1 0 0 0 2 2 1 1 1 1 1 0 0 0 0 0 0 0 0 1 1 1 2 2 2 2 2 1 1 2 1 2 1 1 0
 0 0]","[1 0 1 0 1 1 0 1 0 1 0 1 1 0 1 0 0 1 0 1 1 0 1 1 1 1 0 1 1 0 1 0 1 0 0 0 1
 1 0]","[0.225 0.191 0.133 0.233 0.183 0.091 0.275 0.158 0.166 0.275 0.258 0.108
 0.133 0.225 0.3   0.425 0.333 0.233 0.367 0.116 0.2   0.291 0.225 0.191
 0.308 0.1   0.367 0.15  0.267 0.241 0.2   0.291 0.141 0.233 0.183 0.275
 0.133 0.308 0.25 ]",0,sb_int-additive_comp-vsmean_gbatt-true_gbalt-true_lk-none_inh-free,0
7615,36,3,191,compromise,B,M,0,competitor,3770.0,0.75,0.65,0.55,6,14,34,1,0,2,True,False,True,[0 2 2 2 2 2 1 1 1 1 0 0 0 0 0],[0 0 0 1 1 0 1 1 0 1 0 1 1 0 0],"[0.141    0.291    0.083    0.083    0.3      0.2      0.141    0.15
 0.367    0.258    0.25     0.2      0.167    0.116    0.296122]",1,sb_int-additive_comp-vsmean_gbatt-true_gbalt-true_lk-none_inh-free,0
7616,36,3,192,attraction,A,L,0,target,5370.0,0.75,0.65,0.73,5,15,4,0,2,1,True,False,True,[2 1 1 1 2 2 0 0 0 0 1 1 1 0 0 0 0 0],[0 1 0 1 0 1 1 0 1 1 0 0 1 0 0 1 0 0],"[0.333    0.392    0.375    0.166    0.292    0.191    0.258    0.258
 0.091    0.225    0.1      0.383    0.508    0.108    0.233    0.208
 0.183    0.141159]",0,sb_int-additive_comp-vsmean_gbatt-true_gbalt-true_lk-none_inh-free,0
7617,36,3,193,filler,,R,2,,5860.0,0.24,0.37,0.76,41,27,13,1,0,2,False,True,False,[0 2 2 2 2 2 2 2 2 2 1 1 0 0 2],[1 1 0 0 1 1 0 0 1 1 0 0 1 0 1],"[0.258    0.342    0.208    0.333    0.483    1.718    0.108    0.183
 0.191    0.116    0.133    0.408    0.35     0.258    0.180816]",2,sb_int-additive_comp-vsmean_gbatt-true_gbalt-true_lk-none_inh-free,0
7618,36,3,194,attraction,A,M,0,target,3650.0,0.78,0.62,0.76,6,14,5,1,2,0,True,False,False,[0 0 2 2 2 2 2 1 1 1 1 0 0],[0 1 0 0 1 1 0 0 1 0 0 1 0],"[0.458   0.225   0.116   0.175   0.283   0.15    0.267   0.342   0.358
 0.083   0.125   0.108   0.25011]",0,sb_int-additive_comp-vsmean_gbatt-true_gbalt-true_lk-none_inh-free,0
7619,36,3,195,compromise,A,R,0,target,6710.0,0.75,0.62,0.88,6,15,3,2,1,0,True,False,False,[1 0 0 0 0 0 0 0 0 0 0 0 2 2 2 2 2 1 1 1 1 0 0 0 0 0],[1 0 1 1 0 0 0 0 1 1 0 0 1 1 0 1 1 1 0 0 1 0 1 1 0 0],"[0.3      0.283    0.242    0.141    0.242    0.408    0.3      0.108
 0.158    0.342    0.091    0.125    0.158    0.158    0.325    0.158
 0.183    0.325    0.225    0.15     0.308    0.258    0.283    0.317
 0.15     0.088444]",0,sb_int-additive_comp-vsmean_gbatt-true_gbalt-true_lk-none_inh-free,0
7620,36,3,196,attraction,B,L,1,target,6430.0,0.72,0.68,0.66,6,14,13,1,0,2,True,False,False,[0 2 2 2 2 0 1 0 0 0 0 0 2 2 2 2 1 1 1 1 1 1 1 1],[0 1 0 0 1 0 1 0 1 1 0 1 1 1 0 0 0 1 1 0 1 0 0 1],"[0.216    0.425    0.191    0.258    0.158    0.191    0.425    0.2
 0.233    0.116    0.442    0.208    0.367    0.191    0.258    0.083
 0.283    0.133    0.275    0.267    0.233    0.141    0.216    0.117192]",1,sb_int-additive_comp-vsmean_gbatt-true_gbalt-true_lk-none_inh-free,0
7621,36,3,197,compromise,A,R,0,target,4710.0,0.78,0.65,0.82,6,14,3,2,0,1,False,True,False,[2 0 0 0 0 2 1 2 2 1 1 1 0 0 0],[1 1 0 1 1 1 0 1 0 1 0 0 1 0 1],"[0.291    0.208    0.342    0.216    0.675    0.216    0.25     0.258
 0.233    0.266    0.333    0.158    0.158    0.133    0.235281]",0,sb_int-additive_comp-vsmean_gbatt-true_gbalt-true_lk-none_inh-free,0
7622,36,3,198,attraction,B,L,0,competitor,6700.0,0.75,0.65,0.63,5,14,13,0,1,2,True,False,False,[1 2 1 0 0 0 0 0 0 1 1 1 1 2 1 1 2 2 1 0 0 0 0 0],[1 1 1 0 0 1 1 0 0 1 1 0 0 0 0 1 1 0 0 1 0 0 0 0],"[0.25     0.317    0.225    0.1      0.083    0.225    0.108    0.233
 0.283    0.559    0.108    0.175    0.158    0.417    0.166    0.425
 0.367    0.108    0.216    0.3      0.116    0.859    0.1      0.023462]",0,sb_int-additive_comp-vsmean_gbatt-true_gbalt-true_lk-none_inh-free,0
7623,36,3,199,compromise,A,M,0,target,4930.0,0.72,0.65,0.82,6,15,3,1,2,0,False,False,False,[0 0 0 2 2 2 2 1 1 1 1 1 0 0 0 0 0],[1 1 0 0 1 1 0 0 1 0 0 1 1 0 0 0 1],"[0.191    0.325    0.317    0.217    0.208    0.308    0.266    0.216
 0.375    0.242    0.1      0.183    0.317    0.283    0.208    0.208
 0.361377]",1,sb_int-additive_comp-vsmean_gbatt-true_gbalt-true_lk-none_inh-free,0
7624,36,3,200,attraction,A,R,0,target,4400.0,0.75,0.65,0.73,6,14,5,2,1,0,True,True,False,[1 1 0 0 1 2 2 2 1 1 2 2 2 0 0 0],[0 0 0 1 0 1 1 0 1 0 1 0 1 0 0 1],"[0.217    0.166    0.25     0.333    0.283    0.183    0.116    0.266
 0.241    0.208    0.325    0.233    0.125    0.242    0.15     0.127673]",0,sb_int-additive_comp-vsmean_gbatt-true_gbalt-true_lk-none_inh-free,0
7625,36,3,201,attraction,A,R,1,competitor,3180.0,0.72,0.68,0.7,5,14,4,0,2,1,False,False,False,[2 1 1 2 0 0 2 2 2 1 1 1],[1 1 0 0 0 1 1 1 0 0 0 1],"[0.225    0.358    0.283    0.108    0.291    0.283    0.133    0.125
 0.25     0.158    0.15     0.262703]",2,sb_int-additive_comp-vsmean_gbatt-true_gbalt-true_lk-none_inh-free,0
7626,36,3,202,compromise,B,L,1,target,7730.0,0.72,0.68,0.55,5,14,35,2,0,1,False,True,True,[0 0 2 1 1 1 1 1 1 1 1 1 0 0 0 0 0 1 1 1 1 2 0 0 0 0 2 2 2 2 1],[1 0 1 1 0 0 1 1 0 0 0 0 0 0 1 1 0 1 1 0 0 0 1 0 0 1 0 0 1 1 0],"[0.208    0.116    0.3      0.325    0.217    0.2      0.258    0.475
 0.175    0.267    0.208    0.175    0.133    0.191    0.317    0.158
 0.175    0.317    0.1      0.4      0.183    0.166    0.166    0.225
 0.083    0.091    0.217    0.183    0.191    0.091    0.162996]",1,sb_int-additive_comp-vsmean_gbatt-true_gbalt-true_lk-none_inh-free,0
7627,36,3,203,compromise,B,L,0,competitor,6360.0,0.75,0.62,0.58,6,14,35,0,2,1,True,False,False,[2 2 1 0 0 0 1 1 1 1 1 2 0 0 2 2 0 0],[1 1 0 1 0 0 1 1 0 0 1 1 1 0 1 0 1 0],"[0.283    0.383    0.2      0.375    0.116    0.942    0.25     0.667
 0.208    0.216    0.291    0.116    0.241    0.442    0.333    0.216
 0.191    0.086822]",2,sb_int-additive_comp-vsmean_gbatt-true_gbalt-true_lk-none_inh-free,0
7628,36,3,204,compromise,A,L,0,target,4450.0,0.78,0.65,0.82,6,14,4,0,2,1,True,True,True,[2 1 1 2 2 0 0 0 0 1 1 1 1 1 1 0 0],[0 0 1 1 0 0 1 0 0 0 0 1 1 0 0 1 1],"[0.141 0.175 0.358 0.35  0.258 0.15  0.308 0.225 0.125 0.258 0.175 0.2
 0.233 0.208 0.25  0.125 0.125]",1,sb_int-additive_comp-vsmean_gbatt-true_gbalt-true_lk-none_inh-free,0
7629,36,3,205,compromise,B,R,1,target,4830.0,0.72,0.65,0.55,5,15,35,1,2,0,True,True,True,[0 1 1 2 2 2 0 0 0 1 1 0 0 0 1 1 0 0 0 1],[0 0 1 1 0 0 1 0 0 1 1 1 0 0 0 1 1 1 0 1],"[0.175    0.216    0.175    0.333    0.216    0.091    0.308    0.225
 0.175    0.158    0.283    0.225    0.191    0.116    0.316    0.233
 0.258    0.116    0.241    0.027528]",0,sb_int-additive_comp-vsmean_gbatt-true_gbalt-true_lk-none_inh-free,0
7630,36,3,206,compromise,A,M,1,competitor,14430.0,0.78,0.68,0.88,5,15,4,2,1,0,True,False,True,[1 1 1 1 0 0 0 0 0 2 2 1 1 1 1 1 1 1 1 1 0 0 0 1 1 1 1 1 0],[1 1 0 0 1 1 0 0 1 1 0 1 0 0 1 1 1 0 0 0 1 0 0 1 0 1 0 1 1],"[1.785 1.727 0.2   0.133 0.1   0.2   0.225 0.083 0.15  0.325 0.408 0.45
 0.325 0.116 0.684 1.151 1.268 0.375 0.383 0.141 0.25  0.25  0.133 0.417
 0.317 0.742 0.35  0.458 0.175]",1,sb_int-additive_comp-vsmean_gbatt-true_gbalt-true_lk-none_inh-free,0
7631,36,3,207,compromise,B,M,1,target,4690.0,0.72,0.68,0.58,5,15,35,2,1,0,True,False,False,[1 0 0 0 1 1 1 1 1 2 2 0 0 0 1 1],[1 0 1 1 0 1 1 0 0 0 1 0 0 1 0 1],"[0.275    0.742    0.091    0.167    0.342    0.183    0.375    0.15
 0.125    0.275    0.325    0.25     0.083    0.333    0.141    0.135185]",1,sb_int-additive_comp-vsmean_gbatt-true_gbalt-true_lk-none_inh-free,0
7632,36,3,208,compromise,B,R,0,competitor,8520.0,0.72,0.65,0.52,6,15,34,2,0,1,False,True,False,[2 0 0 0 1 1 1 1 1 1 1 1 1 2 0 0 0 0 1 1 1 0 0 0],[1 1 0 0 1 0 0 0 1 1 0 0 1 0 0 1 1 1 0 1 1 0 1 1],"[0.317    0.3      0.083    0.091    0.317    0.35     0.675    0.083
 0.125    0.317    0.091    1.36     0.183    0.217    0.258    0.216
 0.442    0.158    0.717    0.25     0.208    0.291    0.275    0.334868]",1,sb_int-additive_comp-vsmean_gbatt-true_gbalt-true_lk-none_inh-free,0
7633,36,3,209,filler,,R,2,,4870.0,0.27,0.61,0.89,37,16,11,1,0,2,False,False,False,[0 0 0 0 2 2 2 0],[1 0 0 1 1 0 1 1],[0.434 0.333 0.609 0.292 1.944 0.275 0.141 0.2  ],2,sb_int-additive_comp-vsmean_gbatt-true_gbalt-true_lk-none_inh-free,0
7634,36,3,210,filler,,L,2,,5540.0,0.31,0.38,0.85,32,26,11,1,2,0,True,True,True,[0 0 0 1 1 0 2 2 2 2 2 2 2 0 0 1 1 0 1 1 0],[0 0 0 0 1 1 1 0 0 1 1 0 0 0 0 0 1 1 0 0 0],"[0.083 0.167 0.133 0.308 0.4   0.175 0.267 0.3   0.5   0.275 0.125 0.116
 0.1   0.283 0.166 0.3   0.433 0.333 0.208 0.1   0.125]",2,sb_int-additive_comp-vsmean_gbatt-true_gbalt-true_lk-none_inh-free,0
7635,36,3,211,compromise,B,M,1,target,5880.0,0.72,0.68,0.52,6,15,35,2,1,0,True,True,True,[1 0 0 0 1 2 1 1 1 1 1 0 0 1 1 0 0 1 2 2 1],[0 0 0 1 1 1 1 1 0 0 1 1 0 0 1 1 0 0 0 1 1],"[0.208    0.083    0.191    0.233    0.183    0.225    0.1      0.15
 0.208    0.208    0.275    0.242    0.409    0.358    0.634    0.267
 0.15     0.091    0.241    0.233    0.108384]",1,sb_int-additive_comp-vsmean_gbatt-true_gbalt-true_lk-none_inh-free,0
7636,36,3,212,compromise,B,M,0,competitor,9520.0,0.72,0.62,0.58,5,14,35,1,0,2,False,True,True,[0 2 2 1 1 0 2 2 2 1 1 0 2 0 0 2 0 0 1 1 0 0 0 1 1 0 0 0 0 0 0 1 1 0 0],[1 1 1 1 0 0 1 0 0 0 0 0 1 0 0 1 0 1 0 1 0 1 1 0 1 1 1 1 1 0 0 0 0 1 1],"[0.216    0.141    0.191    0.258    0.266    0.333    0.216    0.325
 0.116    0.15     0.258    0.108    0.216    0.083    0.3      0.208
 0.233    0.25     0.483    0.192    0.425    0.108    0.166    0.508
 0.342    0.125    0.091    0.5      0.342    0.191    0.133    0.275
 0.1      0.367    0.188086]",0,sb_int-additive_comp-vsmean_gbatt-true_gbalt-true_lk-none_inh-free,0
7637,36,3,213,compromise,A,M,0,target,3560.0,0.78,0.62,0.85,6,14,3,1,2,0,False,True,True,[0 1 1 0 0 2 2 2 1 1 0],[1 0 1 0 1 0 1 0 0 0 1],"[0.283   0.367   0.133   0.559   0.266   0.208   0.258   0.442   0.116
 0.3     0.06736]",0,sb_int-additive_comp-vsmean_gbatt-true_gbalt-true_lk-none_inh-free,0
7638,36,3,214,attraction,B,L,0,competitor,9910.0,0.72,0.62,0.6,6,15,14,0,1,2,True,True,True,[1 2 2 0 0 1 1 0 0 0 0 0 1 2 2 1 1 0 0 0 2 2 1 1 0 1 1 2 1 1 1 1 0 0 1 1 0],[0 1 1 1 1 1 0 0 1 1 0 0 0 0 0 1 1 1 0 0 0 1 1 1 1 1 0 0 0 0 1 1 1 1 1 0 0],"[0.383    0.108    0.15     0.183    0.208    0.25     0.208    0.458
 0.25     0.116    0.091    0.141    0.2      0.083    0.108    0.258
 0.116    0.241    0.216    0.108    0.283    0.408    0.108    0.083
 0.225    0.183    0.3      0.275    0.091    0.091    0.216    0.158
 0.642    0.509    0.175    0.141    0.688923]",0,sb_int-additive_comp-vsmean_gbatt-true_gbalt-true_lk-none_inh-free,0
7639,36,3,215,attraction,A,R,0,target,9670.0,0.75,0.65,0.73,6,15,5,2,0,1,False,True,False,[2 1 2 2 2 2 2 2 1 1 1 2 0 0 0 0 0 0 0 0 2 2 0 2 2 2 0 0 0 2 1],[1 0 1 1 0 1 1 0 1 0 0 1 1 0 0 1 0 0 1 0 1 1 0 0 1 0 0 1 1 1 0],"[0.283 0.559 0.175 0.233 0.383 0.091 0.367 0.242 0.342 0.3   0.158 0.3
 0.258 0.191 0.325 0.325 0.191 0.417 0.35  0.417 0.125 0.3   0.158 0.183
 0.225 0.317 0.258 0.166 0.133 0.458 0.4  ]",2,sb_int-additive_comp-vsmean_gbatt-true_gbalt-true_lk-none_inh-free,0
7640,36,3,216,compromise,B,R,1,target,6180.0,0.72,0.65,0.58,5,15,34,0,2,1,True,True,False,[2 1 0 0 0 0 2 2 2 2 2 0 1 1 1 1 1 1 0 0 0 1],[1 0 1 1 0 0 1 1 0 1 0 1 0 0 1 1 0 0 0 1 0 0],"[0.158    0.375    0.217    0.133    0.083    0.333    0.325    0.083
 0.383    0.467    0.141    0.291    0.4      0.35     0.25     0.133
 0.083    0.15     0.217    0.283    0.3      0.088453]",0,sb_int-additive_comp-vsmean_gbatt-true_gbalt-true_lk-none_inh-free,0
7641,36,3,217,filler,,M,2,,5310.0,0.29,0.42,0.72,34,23,13,0,2,1,True,False,False,[2 1 0 0 0 2 2 2 2 1 1 1 1 2 2 2 0 0 2],[1 1 1 1 0 1 1 0 0 0 0 1 0 1 1 0 0 1 1],"[0.258    0.183    0.141    0.2      0.242    0.141    0.475    0.292
 0.35     0.125    0.091    0.433    0.108    0.133    0.116    0.258
 0.392    0.266    0.130497]",2,sb_int-additive_comp-vsmean_gbatt-true_gbalt-true_lk-none_inh-free,0
7642,36,3,218,attraction,A,M,0,target,6370.0,0.78,0.68,0.76,6,15,5,1,2,0,False,True,True,[0 1 1 1 0 0 0 2 2 2 2 2 1 1 1 1 1 0 0 0 2 2 0 0],[1 0 1 1 0 1 1 1 1 0 1 1 1 0 0 1 1 0 1 1 0 1 0 0],"[0.183    0.459    0.233    0.108    0.375    0.216    0.25     0.175
 0.291    0.308    0.116    0.158    0.15     0.175    0.333    0.242
 0.425    0.483    0.15     0.083    0.308    0.141    0.083    0.072649]",2,sb_int-additive_comp-vsmean_gbatt-true_gbalt-true_lk-none_inh-free,0
7643,36,3,219,attraction,B,R,1,target,6270.0,0.78,0.68,0.66,5,14,13,0,2,1,True,True,True,[2 2 1 1 1 1 2 0 0 0 0 0 0 0 0 2 2 2 2 2 1 1 1],[0 0 0 0 1 1 1 1 0 0 1 1 0 0 0 0 1 1 0 0 1 0 0],"[0.2      0.15     0.258    0.183    0.233    0.108    0.275    0.475
 0.108    0.3      0.133    0.283    0.091    0.1      0.375    0.383
 0.125    0.283    0.233    0.216    0.6      0.333    0.024935]",0,sb_int-additive_comp-vsmean_gbatt-true_gbalt-true_lk-none_inh-free,0
7644,36,3,220,compromise,A,R,1,competitor,14250.0,0.78,0.68,0.85,5,15,3,1,2,0,True,False,False,"[0 1 1 0 2 0 0 2 2 2 0 0 0 0 0 0 0 1 1 1 1 1 1 1 1 1 0 0 0 0 0 0 0 0 0 0 1
 1 1 1 1 1]","[0 0 1 0 1 0 0 1 0 0 0 0 1 1 0 0 1 0 1 1 1 1 1 0 0 0 0 0 1 0 0 0 1 1 1 1 0
 0 1 1 0 0]","[0.367 0.383 0.308 0.166 0.233 0.116 0.158 0.233 0.175 0.141 0.333 0.133
 0.166 0.175 0.509 0.4   0.15  0.375 0.242 0.559 0.183 0.442 0.141 0.258
 0.083 2.127 0.108 0.408 0.216 0.158 0.834 0.225 0.434 0.133 0.158 0.241
 0.116 0.125 0.342 0.258 0.375 0.133]",0,sb_int-additive_comp-vsmean_gbatt-true_gbalt-true_lk-none_inh-free,0
7645,36,3,221,attraction,B,R,0,competitor,7660.0,0.78,0.62,0.6,5,14,13,2,1,0,False,False,False,[1 0 0 1 2 2 2 1 1 0 0 0 1 1 0 0 0 1 1 1 0 0],[1 1 0 0 0 1 0 0 0 0 1 1 1 1 1 1 0 1 1 0 1 0],"[0.25  0.275 0.358 0.15  0.175 0.308 0.367 0.208 0.308 0.325 0.1   0.141
 0.083 0.392 0.175 1.001 0.408 0.191 0.275 0.675 0.275 0.25 ]",0,sb_int-additive_comp-vsmean_gbatt-true_gbalt-true_lk-none_inh-free,0
7646,36,3,222,filler,,L,2,,2920.0,0.27,0.47,0.86,37,21,11,1,2,0,True,True,True,[0 0 1 2 2 2 2 2 0 1 1 2],[0 0 0 0 1 0 0 1 1 1 0 0],"[0.091    0.125    0.3      0.25     0.358    0.175    0.108    0.225
 0.2      0.225    0.283    0.060645]",2,sb_int-additive_comp-vsmean_gbatt-true_gbalt-true_lk-none_inh-free,0
7647,36,3,223,compromise,B,M,0,competitor,7000.0,0.78,0.65,0.52,6,14,34,1,2,0,True,False,False,[0 0 2 0 1 1 0 0 0 0 0 0 0 2 2 0 1 1 1 1 0 0 0 0],[0 0 1 0 0 0 1 0 1 1 0 0 1 0 1 0 1 0 1 1 0 0 1 0],"[0.4      0.1      0.375    0.208    0.108    0.225    0.166    0.275
 0.175    0.108    0.584    0.575    0.308    0.258    0.375    0.317
 0.242    0.35     0.091    0.183    0.191    0.325    0.258    0.108858]",0,sb_int-additive_comp-vsmean_gbatt-true_gbalt-true_lk-none_inh-free,0
7648,36,3,224,compromise,A,L,0,target,4760.0,0.75,0.65,0.82,6,15,3,0,2,1,False,True,True,[2 2 1 1 2 0 2 2 2 0 0 0 0 0 1 1 1 1 1 0],[0 0 0 1 1 0 1 0 0 1 0 0 1 0 1 1 0 0 1 1],"[0.091   0.141   0.191   0.258   0.183   0.183   0.25    0.2     0.15
 0.275   0.258   0.158   0.292   0.342   0.175   0.217   0.292   0.108
 0.108   0.12988]",1,sb_int-additive_comp-vsmean_gbatt-true_gbalt-true_lk-none_inh-free,0
7649,36,3,225,filler,,M,2,,4160.0,0.19,0.56,0.8,52,17,12,0,2,1,False,False,False,[2 1 0 0 2 2 2 2 1 1 0],[1 1 1 1 1 0 0 1 1 1 1],"[0.3      0.425    0.1      0.316    0.408    0.4      0.826    0.241
 0.216    0.183    0.040042]",2,sb_int-additive_comp-vsmean_gbatt-true_gbalt-true_lk-none_inh-free,0
