,subject,block,trial,effect,target,key,choice,choice_tcd,rt,pA,pB,pC,mA,mB,mC,pos_A,pos_B,pos_C,pA_top,pB_top,pC_top,fixated_alternatives,fixated_attributes,fixation_durations,predicted_choice,model,rep
4950,22,1,1,attraction,B,M,0,competitor,3230.0,0.78,0.62,0.6,10,15,14,1,0,2,True,True,True,[0 1 1 0 0 0 2 2 2 0],[0 0 0 1 1 1 1 1 1 1],[0.1   0.083 0.425 0.108 0.192 0.191 0.141 0.083 0.158 0.133],0,sb_int-additive_comp-vsmean_gbatt-true_gbalt-true_lk-gaze-dependent_inh-free,0
4951,22,1,2,compromise,A,L,0,target,2780.0,0.78,0.65,0.82,10,14,7,0,2,1,True,False,True,[2 1 2 1 0 0 0],[1 0 1 0 0 0 1],[0.233 0.25  0.166 0.1   0.116 0.166 0.108],1,sb_int-additive_comp-vsmean_gbatt-true_gbalt-true_lk-gaze-dependent_inh-free,0
4952,22,1,3,attraction,A,R,1,competitor,3630.0,0.78,0.68,0.76,10,15,9,0,2,1,True,True,True,[2 0 2 1 2 2 0 0 1 1 0 1],[0 1 1 1 1 1 0 0 0 0 0 1],[0.1   0.116 0.241 0.425 0.175 0.125 0.083 0.225 0.108 0.125 0.175 0.275],2,sb_int-additive_comp-vsmean_gbatt-true_gbalt-true_lk-gaze-dependent_inh-free,0
4953,22,1,4,compromise,B,L,2,decoy,3610.0,0.72,0.65,0.58,9,15,29,2,1,0,True,True,True,[2 1 0 1 0 1 2 2 2 2],[1 1 1 1 0 0 0 0 1 0],"[0.1      0.25     0.35     0.525    0.275    0.183    0.166    0.191
 0.225    0.257816]",0,sb_int-additive_comp-vsmean_gbatt-true_gbalt-true_lk-gaze-dependent_inh-free,0
4954,22,1,5,attraction,B,R,1,target,3970.0,0.78,0.65,0.63,10,15,14,0,2,1,True,True,False,[2 0 0 2 1 1 1 1 1 1 0],[0 1 1 0 1 0 1 1 1 1 0],[0.158 0.141 0.15  0.35  0.133 0.959 0.175 0.1   0.642 0.242 0.208],1,sb_int-additive_comp-vsmean_gbatt-true_gbalt-true_lk-gaze-dependent_inh-free,0
4955,22,1,6,attraction,B,L,0,competitor,3790.0,0.78,0.62,0.6,9,15,14,0,1,2,True,False,True,[1 1 2 1 0 1 2 2 0],[0 1 1 0 0 0 1 0 0],[0.141   0.125   0.3     0.091   0.25    0.291   0.292   0.15    0.12723],1,sb_int-additive_comp-vsmean_gbatt-true_gbalt-true_lk-gaze-dependent_inh-free,0
4956,22,1,7,attraction,B,R,0,competitor,3970.0,0.72,0.62,0.6,9,15,14,2,1,0,True,False,False,[1 1 2 2 1 1 0 0 0 1 2 2 0 0],[1 0 1 0 0 0 1 0 1 0 1 1 0 0],"[0.091    0.083    0.216    0.083    0.15     0.175    0.125    0.108
 0.317    0.158    0.2      0.15     0.141    0.124446]",0,sb_int-additive_comp-vsmean_gbatt-true_gbalt-true_lk-gaze-dependent_inh-free,0
4957,22,1,8,compromise,A,R,1,competitor,4140.0,0.78,0.68,0.85,9,15,7,0,2,1,True,False,False,[2 0 2 1 2 2 0 0 1 1 2 2 1],[1 1 1 1 0 0 0 1 1 0 0 1 0],"[0.1      0.308    0.233    0.175    0.116    0.175    0.125    0.116
 0.141    0.3      0.091    0.083    0.024538]",2,sb_int-additive_comp-vsmean_gbatt-true_gbalt-true_lk-gaze-dependent_inh-free,0
4958,22,1,9,filler,,L,2,,4060.0,0.31,0.38,0.85,32,26,11,1,2,0,False,True,True,[0 0 0 1 1 1 0 0 0 1 1 2 2 2],[0 0 0 0 0 0 0 0 1 1 1 0 1 1],"[0.083 0.183 0.35  0.091 0.083 0.1   0.166 0.116 0.108 0.166 0.083 0.133
 0.116 0.125]",2,sb_int-additive_comp-vsmean_gbatt-true_gbalt-true_lk-gaze-dependent_inh-free,0
4959,22,1,10,compromise,B,R,0,competitor,4530.0,0.75,0.68,0.55,9,14,29,2,1,0,True,True,True,[1 1 1 0 1 2 2 2 2 1 1 1 1 1 0 0],[1 1 1 1 0 0 0 1 1 1 0 1 1 0 1 1],"[0.141    0.225    0.083    0.3      0.233    0.158    0.191    0.141
 0.166    0.183    0.2      0.191    0.158    0.083    0.125    0.310068]",1,sb_int-additive_comp-vsmean_gbatt-true_gbalt-true_lk-gaze-dependent_inh-free,0
4960,22,1,11,compromise,B,M,2,decoy,6500.0,0.72,0.62,0.58,9,14,30,0,2,1,True,True,False,[2 1 2 2 2 2 2 2 2 1 1 2 2],[0 0 0 0 0 0 1 0 0 1 0 1 0],"[0.4      0.5      0.108    0.191    0.408    0.175    0.141    0.133
 0.4      0.383    0.158    0.158    0.173719]",2,sb_int-additive_comp-vsmean_gbatt-true_gbalt-true_lk-gaze-dependent_inh-free,0
4961,22,1,12,compromise,B,L,1,target,3710.0,0.72,0.68,0.55,9,14,30,2,0,1,False,False,False,[1 1 0 0 0 1 1],[1 1 1 0 0 1 0],[0.175 0.116 0.342 0.208 0.191 0.116 0.125],1,sb_int-additive_comp-vsmean_gbatt-true_gbalt-true_lk-gaze-dependent_inh-free,0
4962,22,1,13,filler,,M,2,,4190.0,0.32,0.48,0.85,31,20,11,2,0,1,False,False,False,[1 1 0 0 2 2 2 0 0 2 2 2],[1 1 1 1 0 0 1 0 0 0 1 0],"[0.308    0.317    0.183    0.158    0.225    0.217    0.108    0.091
 0.175    0.183    0.141    0.258239]",2,sb_int-additive_comp-vsmean_gbatt-true_gbalt-true_lk-gaze-dependent_inh-free,0
4963,22,1,14,attraction,B,L,1,target,4890.0,0.75,0.65,0.63,9,14,13,2,0,1,True,True,True,[1 1 2 2 2 2 0 2 0 2 1 1],[0 0 0 1 0 0 0 0 0 0 0 0],"[0.358    0.25     0.108    0.208    0.316    0.192    0.4      0.25
 0.6      0.133    0.442    0.048998]",1,sb_int-additive_comp-vsmean_gbatt-true_gbalt-true_lk-gaze-dependent_inh-free,0
4964,22,1,15,attraction,B,L,1,target,4560.0,0.75,0.68,0.66,9,14,13,2,0,1,False,False,True,[2 1 1 1 0 0 0 0 2 1 1 1 1 1],[0 1 0 0 1 1 0 0 1 1 1 1 1 0],"[0.091    0.242    0.091    0.525    0.383    0.267    0.216    0.125
 0.166    0.083    0.191    0.166    0.225    0.083725]",1,sb_int-additive_comp-vsmean_gbatt-true_gbalt-true_lk-gaze-dependent_inh-free,0
4965,22,1,16,attraction,A,R,0,target,3910.0,0.78,0.62,0.76,9,15,8,2,1,0,False,True,True,[2 2 2 2 2 1 0 0 2 2 2 2 0 0],[0 1 1 0 0 1 0 1 1 1 0 0 0 0],"[0.1      0.083    0.1      0.158    0.35     0.35     0.342    0.125
 0.125    0.158    0.2      0.225    0.15     0.254554]",0,sb_int-additive_comp-vsmean_gbatt-true_gbalt-true_lk-gaze-dependent_inh-free,0
4966,22,1,17,compromise,A,R,2,decoy,4320.0,0.75,0.65,0.85,10,15,8,1,0,2,False,False,False,[0 1 1 1 1 0 2 2 0 1 1 0 0 0 2 2 2 2],[0 1 0 1 1 1 1 0 0 1 1 1 0 0 0 0 1 1],"[0.116    0.225    0.083    0.141    0.083    0.091    0.375    0.316
 0.175    0.208    0.141    0.191    0.225    0.116    0.083    0.083
 0.125    0.166153]",2,sb_int-additive_comp-vsmean_gbatt-true_gbalt-true_lk-gaze-dependent_inh-free,0
4967,22,1,18,compromise,A,R,2,decoy,5090.0,0.72,0.68,0.82,10,15,7,1,0,2,True,False,True,[0 1 0 2 2 0 1 1 0 0 2 0 2 2],[0 1 0 1 0 1 1 0 0 1 1 1 0 1],"[0.116    0.25     0.133    0.458    0.091    0.258    0.275    0.133
 0.091    0.116    0.242    0.108    0.2      0.216867]",0,sb_int-additive_comp-vsmean_gbatt-true_gbalt-true_lk-gaze-dependent_inh-free,0
4968,22,1,19,attraction,B,M,0,competitor,4010.0,0.72,0.65,0.63,10,14,13,1,0,2,False,True,True,[1 1 1 0 2 0 1 1 2 2 0],[0 0 0 0 1 0 0 0 0 0 0],"[0.183    0.091    0.317    0.408    0.392    0.216    0.091    0.283
 0.091    0.175    0.152338]",0,sb_int-additive_comp-vsmean_gbatt-true_gbalt-true_lk-gaze-dependent_inh-free,0
4969,22,1,20,compromise,B,M,0,competitor,4530.0,0.72,0.68,0.52,10,15,30,1,0,2,False,False,True,[1 1 1 0 2 0 0 0 0 0 1 1 0 0],[1 1 1 1 1 0 0 0 1 1 1 1 1 0],"[0.116    0.083    0.125    0.15     0.266    0.15     0.208    0.2
 0.208    0.183    0.091    0.467    0.083    0.400681]",0,sb_int-additive_comp-vsmean_gbatt-true_gbalt-true_lk-gaze-dependent_inh-free,0
4970,22,1,21,compromise,A,M,0,target,4750.0,0.75,0.62,0.88,10,15,7,1,2,0,True,True,False,[0 2 2 2 0 1 0 2 0 2 0],[0 1 0 0 0 1 1 1 0 0 1],[0.141 0.492 0.108 0.776 0.133 0.417 0.267 0.141 0.133 0.15  0.3  ],0,sb_int-additive_comp-vsmean_gbatt-true_gbalt-true_lk-gaze-dependent_inh-free,0
4971,22,1,22,attraction,A,M,1,competitor,5360.0,0.72,0.65,0.7,10,15,9,0,1,2,True,False,False,[0 0 2 1 0 0 0 1 1 1 2 1 0 0 1],[1 1 1 1 1 0 0 1 0 0 0 1 1 1 0],"[0.083 0.659 0.358 0.258 0.116 0.233 0.141 0.091 0.158 0.141 0.091 0.141
 0.141 0.166 0.116]",1,sb_int-additive_comp-vsmean_gbatt-true_gbalt-true_lk-gaze-dependent_inh-free,0
4972,22,1,23,compromise,B,R,1,target,4540.0,0.72,0.65,0.52,10,15,29,0,2,1,False,True,True,[0 0 0 0 0 2 1 1 2 0 0 2 1 1 2],[1 0 1 1 1 1 1 0 0 0 0 1 1 0 0],"[0.125    0.116    0.083    0.133    0.141    0.3      0.358    0.191
 0.183    0.191    0.125    0.125    0.3      0.333    0.076487]",0,sb_int-additive_comp-vsmean_gbatt-true_gbalt-true_lk-gaze-dependent_inh-free,0
4973,22,1,24,compromise,B,L,0,competitor,4280.0,0.75,0.62,0.58,10,14,30,0,1,2,True,False,True,[0 0 0 0 1 2 0 0 0],[0 0 0 1 1 1 1 0 0],[0.141 0.208 0.317 0.55  0.233 0.367 0.091 0.108 0.792],0,sb_int-additive_comp-vsmean_gbatt-true_gbalt-true_lk-gaze-dependent_inh-free,0
4974,22,1,25,compromise,B,M,1,target,6110.0,0.75,0.65,0.55,10,14,29,0,1,2,True,True,True,[0 0 0 0 0 0 1 1 1 2 2 1 1 0 0 0 1 1],[0 0 0 0 0 1 0 1 1 1 1 1 0 1 0 0 1 0],"[0.175 0.208 0.133 0.208 0.55  0.091 0.091 0.216 0.5   0.225 0.2   0.217
 0.083 0.108 0.091 0.375 0.3   0.091]",1,sb_int-additive_comp-vsmean_gbatt-true_gbalt-true_lk-gaze-dependent_inh-free,0
4975,22,1,26,compromise,A,M,0,target,4760.0,0.75,0.65,0.82,10,15,7,1,0,2,False,True,True,[1 0 0 2 0 0 1 1 0 0 0 2],[0 0 0 1 1 1 1 0 0 0 1 1],[0.25  0.4   0.133 0.392 0.133 0.091 0.292 0.233 0.116 0.233 0.233 0.25 ],0,sb_int-additive_comp-vsmean_gbatt-true_gbalt-true_lk-gaze-dependent_inh-free,0
4976,22,1,27,attraction,B,M,0,competitor,3810.0,0.78,0.62,0.6,9,14,13,1,2,0,False,False,True,[2 2 2 0 1 0 1 1 0 0 0 1],[0 0 0 0 0 1 0 0 1 1 0 0],[0.108 0.325 0.083 0.233 0.141 0.383 0.108 0.275 0.183 0.1   0.208 0.267],0,sb_int-additive_comp-vsmean_gbatt-true_gbalt-true_lk-gaze-dependent_inh-free,0
4977,22,1,28,attraction,A,M,0,target,6770.0,0.72,0.65,0.7,9,14,8,1,0,2,False,False,False,[1 1 0 0 2 0 1 0 0 1 1 0 0 2 0 0 1 1],[1 1 0 0 1 1 1 1 0 1 0 0 0 0 1 0 0 1],"[0.15     1.526    0.283    0.141    0.125    0.108    0.166    0.35
 0.091    0.141    0.1      0.183    0.1      0.241    0.116    0.291
 0.091    0.138025]",0,sb_int-additive_comp-vsmean_gbatt-true_gbalt-true_lk-gaze-dependent_inh-free,0
4978,22,1,29,compromise,A,M,0,target,5620.0,0.72,0.68,0.82,10,15,7,1,2,0,True,False,True,[0 2 2 2 0 1 1 0 0 0 0 0 0 1 1 0 0 0 0],[0 0 0 0 1 0 0 1 1 1 0 0 1 0 1 0 1 1 1],"[0.091    0.166    0.133    0.383    0.367    0.166    0.175    0.116
 0.125    0.15     0.091    0.091    0.183    0.325    0.166    0.2
 0.108    0.208    0.024505]",0,sb_int-additive_comp-vsmean_gbatt-true_gbalt-true_lk-gaze-dependent_inh-free,0
4979,22,1,30,compromise,A,R,2,decoy,3760.0,0.75,0.68,0.88,9,15,8,0,1,2,False,True,False,[0 1 2 2 2 0 2 2 2],[1 1 1 1 0 1 1 0 0],[0.167 0.292 0.133 0.083 0.35  0.083 0.083 0.141 0.091],2,sb_int-additive_comp-vsmean_gbatt-true_gbalt-true_lk-gaze-dependent_inh-free,0
4980,22,1,31,attraction,B,L,0,competitor,4340.0,0.72,0.62,0.6,10,15,14,0,2,1,True,False,False,[2 0 0 2 1 1 1 2],[1 1 1 1 1 1 1 1],[0.125 0.433 0.809 0.091 0.108 0.083 0.242 0.2  ],2,sb_int-additive_comp-vsmean_gbatt-true_gbalt-true_lk-gaze-dependent_inh-free,0
4981,22,1,32,attraction,A,L,1,competitor,4460.0,0.75,0.68,0.73,9,14,8,2,0,1,False,True,True,[1 1 2 2 0 0 0 2 1 1 1 1 1 1],[1 1 0 0 0 0 0 1 0 0 1 1 0 0],"[0.133    0.225    0.091    0.091    0.225    0.283    0.15     0.175
 0.125    0.125    0.083    0.2      0.108    0.238783]",1,sb_int-additive_comp-vsmean_gbatt-true_gbalt-true_lk-gaze-dependent_inh-free,0
4982,22,1,33,attraction,A,M,0,target,3830.0,0.75,0.65,0.73,10,14,9,1,2,0,False,False,False,[0 0 2 0 0 2 0 1 1 0 0 0],[1 1 1 1 1 1 0 0 0 1 1 1],"[0.1     0.1     0.091   0.091   0.083   0.083   0.1     0.166   0.258
 0.191   0.642   0.27962]",0,sb_int-additive_comp-vsmean_gbatt-true_gbalt-true_lk-gaze-dependent_inh-free,0
4983,22,1,34,attraction,B,M,0,competitor,4360.0,0.78,0.65,0.63,10,15,14,1,0,2,True,True,True,[0 1 1 1 1 0 0 2 0 2 2 1 0 2 0],[0 0 0 1 1 1 1 1 1 0 0 1 1 1 1],"[0.1      0.083    0.116    0.166    0.1      0.125    0.317    0.342
 0.158    0.217    0.091    0.133    0.3      0.217    0.147718]",0,sb_int-additive_comp-vsmean_gbatt-true_gbalt-true_lk-gaze-dependent_inh-free,0
4984,22,1,35,filler,,R,2,,6910.0,0.19,0.59,0.81,52,16,12,0,1,2,True,False,False,[1 0 0 1 0 1 1 1 0 0 0 0 0 1 2 2 2 2 2 0 0],[1 0 0 1 0 0 0 1 0 1 0 1 1 1 1 1 1 0 0 0 0],"[0.125 0.1   0.342 0.216 0.125 0.191 0.141 0.225 0.1   0.141 0.15  0.091
 0.091 0.083 0.083 0.125 0.1   0.083 0.358 0.091 0.141]",2,sb_int-additive_comp-vsmean_gbatt-true_gbalt-true_lk-gaze-dependent_inh-free,0
4985,22,1,36,compromise,A,L,0,target,5440.0,0.78,0.68,0.88,9,15,8,0,1,2,True,True,False,[0 1 1 2 2 1 1 1 0 0 0 0 1 2 2 1 1 0 0],[1 1 1 1 1 1 1 1 1 1 1 0 0 0 0 1 1 0 1],"[0.133 0.108 0.25  0.083 0.258 0.267 0.116 0.083 0.125 0.15  0.083 0.15
 0.233 0.2   0.108 0.15  0.191 0.141 0.083]",0,sb_int-additive_comp-vsmean_gbatt-true_gbalt-true_lk-gaze-dependent_inh-free,0
4986,22,1,37,filler,,R,2,,4860.0,0.28,0.67,0.78,35,14,12,0,1,2,False,True,True,[0 1 2 2 2 2 2 1 0 0 0 0],[1 1 1 0 0 0 0 0 0 0 1 1],[0.108 0.609 0.517 0.1   0.083 0.15  0.083 0.258 0.133 0.25  0.183 0.183],2,sb_int-additive_comp-vsmean_gbatt-true_gbalt-true_lk-gaze-dependent_inh-free,0
4987,22,1,38,compromise,A,M,2,decoy,4080.0,0.78,0.65,0.82,10,14,8,2,0,1,False,True,True,[2 2 2 0 2 0 2 1 1 2],[0 1 1 0 0 0 0 0 0 1],"[0.108    0.225    0.1      0.258    0.091    0.192    0.208    0.183
 0.083    0.251562]",2,sb_int-additive_comp-vsmean_gbatt-true_gbalt-true_lk-gaze-dependent_inh-free,0
4988,22,1,39,attraction,B,M,0,competitor,3090.0,0.72,0.62,0.6,10,15,14,1,0,2,True,True,False,[1 1 1 1 0 2 0 0 0 0],[0 0 1 1 1 0 1 0 0 1],"[0.083    0.083    0.083    0.083    0.208    0.116    0.225    0.116
 0.1      0.226627]",0,sb_int-additive_comp-vsmean_gbatt-true_gbalt-true_lk-gaze-dependent_inh-free,0
4989,22,1,40,compromise,A,M,2,decoy,3170.0,0.75,0.62,0.88,9,15,8,0,2,1,False,True,False,[2 0 0 2 1 2 0 2],[1 1 1 0 0 0 0 0],[0.116 0.166 0.292 0.275 0.216 0.15  0.108 0.225],1,sb_int-additive_comp-vsmean_gbatt-true_gbalt-true_lk-gaze-dependent_inh-free,0
4990,22,1,41,attraction,A,M,1,competitor,7280.0,0.75,0.65,0.73,9,15,8,0,1,2,True,True,False,[0 0 0 0 0 2 1 1 2 2 1 0 2 2 1 1 1 1],[0 0 0 1 1 1 1 1 1 1 1 0 0 0 1 1 0 1],"[0.083   0.083   0.1     0.133   0.116   0.216   0.2     0.208   0.133
 0.625   0.525   0.175   0.283   0.183   0.175   0.125   0.116   0.09411]",1,sb_int-additive_comp-vsmean_gbatt-true_gbalt-true_lk-gaze-dependent_inh-free,0
4991,22,1,42,attraction,A,R,0,target,3820.0,0.75,0.65,0.73,10,15,9,2,0,1,False,False,True,[1 2 0 0 2 0 2 0 2],[1 0 1 0 1 0 0 0 1],"[0.392    0.141    0.308    0.25     0.508    0.183    0.258    0.125
 0.031455]",2,sb_int-additive_comp-vsmean_gbatt-true_gbalt-true_lk-gaze-dependent_inh-free,0
4992,22,1,43,compromise,A,L,2,decoy,3160.0,0.78,0.68,0.82,10,15,8,2,1,0,True,False,False,[2 2 2 2 0 0 2 2 2 2 2 2],[1 0 0 0 0 0 1 1 0 0 1 1],"[0.108    0.133    0.1      0.158    0.1      0.091    0.283    0.141
 0.125    0.1      0.083    0.088025]",2,sb_int-additive_comp-vsmean_gbatt-true_gbalt-true_lk-gaze-dependent_inh-free,0
4993,22,1,44,filler,,R,2,,4880.0,0.24,0.37,0.76,41,27,13,1,0,2,True,False,False,[1 0 0 0 2 2 0 2 2 0 1 2 2 0 1],[0 0 0 0 1 1 0 1 1 0 0 1 0 1 1],"[0.116    0.15     0.125    0.116    0.091    0.175    0.183    0.125
 0.15     0.1      0.275    0.091    0.266    0.191    0.259227]",2,sb_int-additive_comp-vsmean_gbatt-true_gbalt-true_lk-gaze-dependent_inh-free,0
4994,22,1,45,compromise,B,R,1,target,5600.0,0.72,0.65,0.55,9,15,30,1,2,0,True,True,False,[0 0 1 1 1 1 0 0 1 1 2],[1 0 1 1 1 1 1 1 0 1 1],[0.141 0.175 0.183 0.533 0.158 0.125 0.083 0.233 0.15  0.233 0.108],1,sb_int-additive_comp-vsmean_gbatt-true_gbalt-true_lk-gaze-dependent_inh-free,0
4995,22,1,46,filler,,R,2,,5370.0,0.16,0.46,0.87,62,21,11,0,1,2,False,True,False,[0 0 1 1 1 1 0 2 2 2 1 2],[1 1 1 0 0 0 0 1 0 0 1 0],[0.091 0.091 0.275 0.108 0.091 0.316 0.208 0.258 0.216 0.208 0.35  0.308],2,sb_int-additive_comp-vsmean_gbatt-true_gbalt-true_lk-gaze-dependent_inh-free,0
4996,22,1,47,compromise,B,M,1,target,4310.0,0.72,0.62,0.55,10,14,30,0,1,2,False,True,True,[0 0 1 1 2 1 2 0 0 0 1 1 1 1],[1 1 1 1 1 0 0 1 1 0 1 0 1 1],"[0.091    0.208    0.141    0.141    0.392    0.283    0.25     0.2
 0.2      0.083    0.275    0.083    0.325    0.042689]",1,sb_int-additive_comp-vsmean_gbatt-true_gbalt-true_lk-gaze-dependent_inh-free,0
4997,22,1,48,compromise,B,R,0,competitor,5190.0,0.78,0.62,0.55,10,14,30,2,1,0,False,False,False,[2 2 0 0 1 2 2 1 1 1 0 0 1 1 1 1 1 0],[1 1 1 1 1 1 1 1 0 0 0 1 1 1 0 1 1 0],"[0.133 0.2   0.15  0.091 0.183 0.166 0.108 0.175 0.166 0.183 0.225 0.325
 0.141 0.183 0.4   0.125 0.133 0.258]",1,sb_int-additive_comp-vsmean_gbatt-true_gbalt-true_lk-gaze-dependent_inh-free,0
4998,22,1,49,attraction,B,M,0,competitor,5950.0,0.75,0.62,0.6,9,15,14,1,0,2,False,False,True,[1 0 0 0 0 1 2 2 2 2 0 0 0 1 2],[1 1 1 1 1 1 1 1 1 1 1 0 0 0 0],"[0.508    0.192    0.116    0.091    0.1      0.225    0.15     0.266
 0.367    0.684    0.1      0.3      0.183    0.133    0.124545]",2,sb_int-additive_comp-vsmean_gbatt-true_gbalt-true_lk-gaze-dependent_inh-free,0
4999,22,1,50,attraction,A,M,0,target,3160.0,0.75,0.65,0.73,10,15,9,1,0,2,True,False,False,[1 1 1 1 2 2 2 0 0 1],[1 1 0 0 1 0 0 1 0 1],"[0.166    0.158    0.091    0.425    0.408    0.141    0.133    0.317
 0.217    0.171205]",2,sb_int-additive_comp-vsmean_gbatt-true_gbalt-true_lk-gaze-dependent_inh-free,0
5000,22,1,51,attraction,B,M,1,target,4730.0,0.78,0.68,0.66,9,14,13,0,1,2,False,False,False,[0 0 1 1 2 2 1 0 0 0 0 1 1 2 2 2 2 1],[1 1 1 1 1 1 1 1 1 0 0 0 0 0 1 0 0 0],"[0.1   0.383 0.091 0.433 0.308 0.225 0.2   0.083 0.283 0.083 0.191 0.15
 0.166 0.133 0.358 0.1   0.133 0.292]",2,sb_int-additive_comp-vsmean_gbatt-true_gbalt-true_lk-gaze-dependent_inh-free,0
5001,22,1,52,attraction,A,M,0,target,6540.0,0.78,0.62,0.76,10,14,9,1,0,2,False,True,False,[0 1 1 1 1 1 0 2 2 0 2 2 0 0 0 2],[1 0 0 0 0 0 0 1 1 1 0 1 0 1 1 0],"[0.108 0.133 0.392 1.401 0.3   0.25  0.275 0.358 0.2   0.425 0.283 0.233
 0.241 0.141 0.375 0.217]",1,sb_int-additive_comp-vsmean_gbatt-true_gbalt-true_lk-gaze-dependent_inh-free,0
5002,22,1,53,compromise,B,L,0,competitor,4750.0,0.78,0.65,0.52,10,14,29,0,1,2,False,False,False,[0 0 1 1 1 1 0 1 1 2 1 1 1 1 0 1 1 0 0],[1 1 0 0 1 1 1 1 1 1 1 1 0 0 1 1 1 1 1],"[0.125 0.3   0.216 0.191 0.083 0.25  0.35  0.108 0.1   0.317 0.167 0.125
 0.091 0.108 0.108 0.1   0.175 0.133 0.392]",0,sb_int-additive_comp-vsmean_gbatt-true_gbalt-true_lk-gaze-dependent_inh-free,0
5003,22,1,54,filler,,L,2,,4460.0,0.19,0.56,0.8,52,17,12,1,2,0,True,False,False,[2 2 2 0 1 0 0 1 1 1 1 2 2 2 2 2],[1 1 1 0 0 1 0 1 1 0 0 1 1 0 0 1],"[0.133   0.35    0.1     0.083   0.383   0.35    0.2     0.091   0.116
 0.108   0.141   0.233   0.734   0.108   0.116   0.02367]",2,sb_int-additive_comp-vsmean_gbatt-true_gbalt-true_lk-gaze-dependent_inh-free,0
5004,22,1,55,compromise,A,L,0,target,4860.0,0.78,0.62,0.85,9,15,7,0,1,2,True,False,True,[0 0 0 0 0 2 1 0 0 2 0 0 0 0],[0 1 1 1 1 1 1 0 0 0 0 0 1 1],"[0.4   0.175 0.258 0.091 0.116 0.517 0.15  0.083 0.141 0.125 0.108 0.183
 0.083 0.125]",0,sb_int-additive_comp-vsmean_gbatt-true_gbalt-true_lk-gaze-dependent_inh-free,0
5005,22,1,56,attraction,A,L,0,target,5940.0,0.72,0.65,0.7,9,15,8,0,2,1,True,True,True,[0 0 2 2 1 1 0 0 0 0 2 1 0 2 2 1 0 2 2 2],[0 0 0 0 0 0 0 1 1 1 1 1 1 1 1 1 0 0 0 1],"[0.467    0.141    0.225    0.1      0.091    0.3      0.175    0.133
 0.091    0.125    0.275    0.467    0.133    0.158    0.15     0.35
 0.133    0.083    0.192    0.281266]",2,sb_int-additive_comp-vsmean_gbatt-true_gbalt-true_lk-gaze-dependent_inh-free,0
5006,22,1,57,attraction,A,M,0,target,8670.0,0.72,0.65,0.7,9,15,8,1,0,2,False,True,False,[1 1 1 0 0 2 2 0 0 2 2 0 2 2 2 2 2 2 1 0 0 2 1],[1 0 0 0 0 0 1 0 0 1 1 0 1 1 1 1 0 0 0 0 0 0 0],"[0.083 0.183 0.509 0.2   0.158 0.15  0.133 0.158 0.125 0.383 0.116 0.408
 0.083 0.191 0.225 0.141 0.166 0.208 0.183 0.191 0.1   0.283 0.125]",2,sb_int-additive_comp-vsmean_gbatt-true_gbalt-true_lk-gaze-dependent_inh-free,0
5007,22,1,58,compromise,B,R,0,competitor,5980.0,0.72,0.68,0.58,10,14,30,2,0,1,False,True,True,[2 2 1 1 0 1 0 2 2 2 1 1 1 2 2 2 2 0],[0 0 0 1 0 1 1 1 0 0 1 0 0 1 0 1 0 1],"[0.091    0.1      0.175    0.2      0.417    0.125    0.3      0.241
 0.241    0.308    0.133    0.133    0.183    0.266    0.141    0.1
 0.125    0.089667]",2,sb_int-additive_comp-vsmean_gbatt-true_gbalt-true_lk-gaze-dependent_inh-free,0
5008,22,1,59,filler,,L,2,,3820.0,0.27,0.61,0.89,37,16,11,2,1,0,True,False,False,[2 2 2 1 2 1 1 1 0 0 0 1 1 1],[1 0 0 1 1 1 1 1 0 0 1 0 0 0],"[0.108 0.133 0.25  0.091 0.3   0.158 0.133 0.158 0.108 0.133 0.191 0.283
 0.125 0.208]",2,sb_int-additive_comp-vsmean_gbatt-true_gbalt-true_lk-gaze-dependent_inh-free,0
5009,22,1,60,compromise,A,L,1,competitor,5960.0,0.78,0.68,0.88,10,15,7,2,0,1,True,True,True,[2 1 1 1 1 2 0 2 2 0 2 1 1 0 1],[0 0 0 1 1 1 1 0 1 1 0 0 1 1 0],"[0.108    0.191    0.2      0.141    0.667    0.266    0.367    0.375
 0.258    0.233    0.325    0.133    0.141    0.283    0.236742]",1,sb_int-additive_comp-vsmean_gbatt-true_gbalt-true_lk-gaze-dependent_inh-free,0
5010,22,1,61,attraction,B,M,1,target,5430.0,0.72,0.68,0.66,10,14,13,2,1,0,False,False,False,[1 2 2 1 0 0 0 1 1 0 0 0 1 1],[1 1 1 1 0 0 1 1 1 1 0 0 0 1],"[0.183    0.283    0.725    0.108    0.183    0.125    0.433    0.091
 0.241    0.133    0.2      0.083    0.267    0.450575]",2,sb_int-additive_comp-vsmean_gbatt-true_gbalt-true_lk-gaze-dependent_inh-free,0
5011,22,1,62,filler,,R,2,,2790.0,0.27,0.47,0.86,37,21,11,0,1,2,False,False,False,[1 0 2 2 2 1 2],[1 1 1 0 0 0 1],[0.083    0.35     0.175    0.191    0.15     0.225    0.053809],2,sb_int-additive_comp-vsmean_gbatt-true_gbalt-true_lk-gaze-dependent_inh-free,0
5012,22,1,63,filler,,R,1,,4130.0,0.29,0.42,0.72,34,23,13,1,2,0,True,False,True,[2 2 0 1 1 1 1 1],[0 0 1 1 1 0 0 0],[0.275    0.801    0.5      0.141    0.108    0.258    0.784    0.493145],1,sb_int-additive_comp-vsmean_gbatt-true_gbalt-true_lk-gaze-dependent_inh-free,0
5013,22,1,64,attraction,A,L,1,competitor,7170.0,0.72,0.68,0.7,9,14,8,1,0,2,False,True,True,[1 1 1 0 0 2 2 2 2 2 2 2 0 2 0 2 2 0 2 2 2 1 1 1 0],[0 0 0 0 0 0 0 0 0 0 0 0 0 1 1 0 1 0 0 0 0 1 0 0 0],"[0.091    0.133    0.408    0.15     0.383    0.083    0.2      0.208
 0.183    0.275    0.141    0.15     0.2      0.342    0.1      0.108
 0.133    0.166    0.083    0.175    0.116    0.317    0.216    0.317
 0.160533]",0,sb_int-additive_comp-vsmean_gbatt-true_gbalt-true_lk-gaze-dependent_inh-free,0
5014,22,1,65,compromise,B,L,1,target,5480.0,0.72,0.68,0.58,9,15,30,1,0,2,True,True,True,[1 1 1 1 1 2 2 2 0 1 1 1 0 0 0 0 1 1 0],[0 0 0 0 0 0 1 1 1 1 0 0 0 1 1 0 1 1 1],"[0.108 0.367 0.15  0.267 0.083 0.2   0.158 0.166 0.25  0.191 0.175 0.125
 0.1   0.1   0.191 0.083 0.141 0.125 0.15 ]",0,sb_int-additive_comp-vsmean_gbatt-true_gbalt-true_lk-gaze-dependent_inh-free,0
5015,22,1,66,attraction,B,R,1,target,6230.0,0.72,0.62,0.6,10,14,13,0,2,1,False,False,True,[0 0 0 1 1 1 1 2 2 2 2 2 2 1 1 1],[1 1 1 0 0 0 1 1 0 0 0 1 1 0 1 0],"[0.083 0.208 0.333 0.125 0.233 0.116 0.091 0.258 0.1   0.091 0.108 0.258
 0.175 0.216 0.133 0.225]",1,sb_int-additive_comp-vsmean_gbatt-true_gbalt-true_lk-gaze-dependent_inh-free,0
5016,22,1,67,attraction,A,L,0,target,4350.0,0.72,0.62,0.7,10,15,9,0,1,2,True,True,True,[0 0 0 0 1 2 2 0 0 2 2 2 1],[0 0 1 1 1 1 0 0 0 0 0 1 1],"[0.116    0.383    0.083    0.091    0.275    0.35     0.083    0.183
 0.266    0.125    0.1      0.2      0.610483]",2,sb_int-additive_comp-vsmean_gbatt-true_gbalt-true_lk-gaze-dependent_inh-free,0
5017,22,1,68,attraction,A,R,0,target,3960.0,0.75,0.65,0.73,10,14,9,2,0,1,True,True,True,[2 0 2 0 0 1 1 2 0 0],[1 1 1 0 1 1 0 0 0 1],"[0.242    0.5      0.225    0.258    0.25     0.116    0.108    0.116
 0.183    0.112079]",0,sb_int-additive_comp-vsmean_gbatt-true_gbalt-true_lk-gaze-dependent_inh-free,0
5018,22,1,69,attraction,A,R,0,target,8510.0,0.78,0.68,0.76,9,15,8,2,1,0,False,False,True,[2 2 0 1 0 1 0 1 1 1 0 1 0 1 1 1 2 2 2 2 0 2 2 0 0 1],[0 0 0 0 1 1 0 0 1 1 0 0 0 1 0 0 0 0 1 1 0 0 0 0 0 0],"[0.166    0.116    0.375    0.108    0.091    0.233    0.133    0.242
 0.15     0.417    0.125    0.225    0.241    0.158    0.183    0.166
 0.1      0.116    0.141    0.091    0.158    0.175    0.35     0.141
 0.158    0.058111]",0,sb_int-additive_comp-vsmean_gbatt-true_gbalt-true_lk-gaze-dependent_inh-free,0
5019,22,1,70,compromise,B,R,0,competitor,4210.0,0.75,0.62,0.58,9,15,29,2,0,1,False,False,False,[2 1 1 1 0 2 0 0 2 2 1 1 0],[1 1 1 1 1 1 0 0 0 0 0 1 1],"[0.125 0.15  0.55  0.141 0.125 0.141 0.125 0.325 0.158 0.091 0.133 0.233
 0.166]",1,sb_int-additive_comp-vsmean_gbatt-true_gbalt-true_lk-gaze-dependent_inh-free,0
5020,22,1,71,compromise,A,L,0,target,5120.0,0.78,0.62,0.85,10,14,7,0,2,1,True,False,True,[0 0 2 0 0 2 1 2 0 0 0 0 2 0 0 0 0],[0 0 0 1 1 0 0 1 0 0 0 1 0 0 0 1 0],"[0.141 0.4   0.1   0.125 0.517 0.308 0.375 0.216 0.083 0.141 0.091 0.133
 0.191 0.083 0.542 0.083 0.158]",0,sb_int-additive_comp-vsmean_gbatt-true_gbalt-true_lk-gaze-dependent_inh-free,0
5021,22,1,72,compromise,A,M,2,decoy,5470.0,0.72,0.65,0.82,10,15,7,2,0,1,False,True,True,[2 2 1 1 1 2 0 0 2 2 2 2 2 2 2],[0 0 0 0 1 0 0 0 0 0 0 1 1 0 1],"[0.116   0.083   0.175   0.091   0.091   0.35    0.358   0.108   0.183
 0.15    1.017   0.266   0.183   0.2     0.40117]",2,sb_int-additive_comp-vsmean_gbatt-true_gbalt-true_lk-gaze-dependent_inh-free,0
5022,22,1,73,filler,,R,2,,4390.0,0.32,0.6,0.78,31,16,12,1,0,2,True,True,False,[1 1 1 1 1 0 0 2 2 1 1 1 1 2 2 1 1],[0 0 0 1 1 1 1 1 0 0 0 1 1 0 0 0 0],"[0.1   0.2   0.133 0.083 0.267 0.091 0.183 0.083 0.275 0.133 0.216 0.166
 0.083 0.342 0.175 0.116 0.233]",2,sb_int-additive_comp-vsmean_gbatt-true_gbalt-true_lk-gaze-dependent_inh-free,0
5023,22,1,74,attraction,B,R,0,competitor,4510.0,0.78,0.65,0.63,9,15,14,2,1,0,False,True,True,[2 2 1 0 0 0 0 0 0 0 1 1 2 2 2 1],[0 0 1 1 1 1 1 1 1 0 1 0 1 0 0 1],"[0.133    0.4      0.475    0.091    0.241    0.083    0.083    0.108
 0.1      0.275    0.2      0.283    0.191    0.183    0.1      0.153993]",0,sb_int-additive_comp-vsmean_gbatt-true_gbalt-true_lk-gaze-dependent_inh-free,0
5024,22,1,75,compromise,B,R,0,competitor,3340.0,0.72,0.62,0.55,10,14,30,2,1,0,False,False,True,[1 1 2 2 1 1 0 0 1 1 1 0 0],[1 1 0 0 1 1 0 1 0 0 1 1 1],"[0.1      0.267    0.108    0.342    0.133    0.225    0.392    0.1
 0.191    0.216    0.367    0.133    0.103556]",2,sb_int-additive_comp-vsmean_gbatt-true_gbalt-true_lk-gaze-dependent_inh-free,0
5025,22,2,76,compromise,B,R,1,target,3230.0,0.72,0.68,0.55,7,14,35,0,2,1,True,True,True,[2 0 0 2 2 1 1 0 0],[0 0 1 1 1 1 0 0 1],[0.166 0.191 0.375 0.2   0.083 0.292 0.216 0.291 0.2  ],0,sb_int-additive_comp-vsmean_gbatt-true_gbalt-true_lk-gaze-dependent_inh-free,0
5026,22,2,77,compromise,B,M,0,competitor,3680.0,0.72,0.62,0.55,8,14,35,1,0,2,True,False,True,[1 1 1 0 0 2 0 0 1 1 1 0 0],[1 1 0 0 0 1 1 1 1 1 0 0 1],"[0.125 0.141 0.325 0.158 0.517 0.308 0.208 0.167 0.316 0.1   0.217 0.2
 0.158]",0,sb_int-additive_comp-vsmean_gbatt-true_gbalt-true_lk-gaze-dependent_inh-free,0
5027,22,2,78,compromise,B,L,1,target,3640.0,0.72,0.68,0.58,7,15,35,1,0,2,False,True,False,[1 1 1 0 2 2 0 0 0 1 1 1],[0 0 0 0 1 1 0 0 1 1 0 0],[0.158 0.358 0.108 0.525 0.116 0.542 0.091 0.208 0.216 0.241 0.108 0.141],1,sb_int-additive_comp-vsmean_gbatt-true_gbalt-true_lk-gaze-dependent_inh-free,0
5028,22,2,79,attraction,B,M,1,target,4240.0,0.75,0.62,0.6,7,15,14,2,1,0,False,False,False,[1 2 2 2 1 0 0 1 1 1 2 0 0 1 1],[1 1 0 1 1 1 1 1 0 0 0 0 1 1 0],"[0.108    0.175    0.192    0.208    0.266    0.217    0.275    0.225
 0.208    0.167    0.291    0.241    0.15     0.3      0.238123]",2,sb_int-additive_comp-vsmean_gbatt-true_gbalt-true_lk-gaze-dependent_inh-free,0
5029,22,2,80,attraction,B,R,1,target,3960.0,0.75,0.68,0.66,7,14,13,1,2,0,True,True,True,[2 2 2 2 0 0 1 1 1 2 2 2 2 1 0 2 1 1 1],[0 0 0 1 1 1 1 0 0 0 1 0 0 1 0 0 0 1 1],"[0.1      0.158    0.083    0.216    0.15     0.091    0.308    0.108
 0.183    0.15     0.283    0.091    0.183    0.175    0.158    0.158
 0.2      0.183    0.108466]",1,sb_int-additive_comp-vsmean_gbatt-true_gbalt-true_lk-gaze-dependent_inh-free,0
5030,22,2,81,compromise,B,M,1,target,5500.0,0.78,0.62,0.55,8,14,35,2,1,0,False,False,False,[2 2 2 2 1 1 2 0 0 0 0 1 1 1 2 2 1 1 2 2],[1 0 1 1 1 1 1 1 1 0 0 0 1 1 1 1 0 0 0 0],"[0.3      0.158    0.216    0.483    0.108    0.275    0.183    0.25
 0.208    0.133    0.292    0.425    0.158    0.55     0.1      0.266
 0.125    0.1      0.233    0.100331]",0,sb_int-additive_comp-vsmean_gbatt-true_gbalt-true_lk-gaze-dependent_inh-free,0
5031,22,2,82,attraction,A,M,0,target,5090.0,0.72,0.65,0.7,8,15,7,1,0,2,False,False,True,[1 1 1 1 0 1 2 2 0 0 2 0 0 1 1 1 0],[1 1 0 1 1 1 1 1 1 1 0 0 0 0 0 1 1],"[0.091    0.392    0.15     0.292    0.667    0.25     0.325    0.183
 0.133    0.2      0.275    0.166    0.125    0.158    0.083    0.342
 0.496554]",1,sb_int-additive_comp-vsmean_gbatt-true_gbalt-true_lk-gaze-dependent_inh-free,0
5032,22,2,83,attraction,A,M,1,competitor,4170.0,0.72,0.65,0.7,7,15,6,2,1,0,False,True,False,[2 2 1 0 0 0 0 2 2 1 1 1 1 0 0 1],[1 1 1 1 1 0 0 0 1 0 1 0 0 1 0 1],"[0.15  0.409 0.292 0.15  0.183 0.15  0.091 0.15  0.325 0.208 0.3   0.225
 0.217 0.141 0.241 0.233]",1,sb_int-additive_comp-vsmean_gbatt-true_gbalt-true_lk-gaze-dependent_inh-free,0
5033,22,2,84,compromise,A,L,1,competitor,7350.0,0.75,0.62,0.88,7,15,5,2,0,1,False,True,True,[1 1 1 1 1 2 0 2 2 2 2 2 1 1 1 0 0 2 1 2 2],[0 0 1 1 0 0 0 0 0 0 1 1 0 0 1 0 1 0 0 0 1],"[0.15  0.141 0.317 0.659 0.083 0.325 1.176 0.15  0.342 0.325 0.291 0.166
 0.108 0.291 0.217 0.225 0.2   0.125 0.217 0.25  0.258]",2,sb_int-additive_comp-vsmean_gbatt-true_gbalt-true_lk-gaze-dependent_inh-free,0
5034,22,2,85,compromise,B,L,1,target,2880.0,0.72,0.68,0.52,8,15,35,2,0,1,False,False,False,[1 1 2 2 2 0 0 1 1 1 1],[1 1 0 0 1 1 0 0 1 1 0],"[0.175   0.242   0.116   0.175   0.241   0.283   0.3     0.283   0.125
 0.258   0.14261]",1,sb_int-additive_comp-vsmean_gbatt-true_gbalt-true_lk-gaze-dependent_inh-free,0
5035,22,2,86,attraction,A,M,0,target,4150.0,0.75,0.65,0.73,8,14,7,1,0,2,True,True,False,[1 1 0 2 2 2 0 0 1 1 2 2 2 0 0 0],[0 1 1 0 1 1 1 0 0 1 1 1 0 0 1 0],"[0.233    0.217    0.266    0.108    0.208    0.091    0.175    0.3
 0.35     0.2      0.125    0.15     0.383    0.325    0.258    0.037696]",0,sb_int-additive_comp-vsmean_gbatt-true_gbalt-true_lk-gaze-dependent_inh-free,0
5036,22,2,87,compromise,B,L,1,target,3500.0,0.72,0.65,0.52,8,15,34,2,0,1,False,True,True,[1 1 1 2 2 0 0 0 2 1 1 0 0 1],[0 0 1 0 0 0 0 1 1 0 1 0 0 0],"[0.15     0.208    0.35     0.183    0.141    0.133    0.166    0.2
 0.116    0.2      0.367    0.158    0.208    0.032158]",0,sb_int-additive_comp-vsmean_gbatt-true_gbalt-true_lk-gaze-dependent_inh-free,0
5037,22,2,88,attraction,A,L,0,target,4680.0,0.72,0.62,0.7,8,15,7,0,2,1,False,False,False,[0 0 2 1 0 0 0 0 2 2 2 0 0 0 1 1],[1 1 1 1 1 1 0 0 0 1 0 0 1 1 1 0],"[0.141    0.433    0.408    0.242    0.183    0.183    0.242    0.217
 0.191    0.258    0.233    0.216    0.091    0.166    0.308    0.355495]",0,sb_int-additive_comp-vsmean_gbatt-true_gbalt-true_lk-gaze-dependent_inh-free,0
5038,22,2,89,attraction,A,R,0,target,5590.0,0.75,0.65,0.73,8,15,7,2,1,0,True,False,False,[2 2 2 2 1 1 0 0 1 0 2 2 2 2 0 1 0 0 0],[1 1 0 0 1 1 1 0 1 1 0 0 1 1 0 1 0 1 1],"[0.15     0.1      0.926    0.45     0.217    0.667    0.225    0.375
 0.108    0.208    0.183    0.141    0.158    0.1      0.125    0.15
 0.192    0.083    0.161991]",0,sb_int-additive_comp-vsmean_gbatt-true_gbalt-true_lk-gaze-dependent_inh-free,0
5039,22,2,90,filler,,L,2,,4020.0,0.27,0.47,0.86,37,21,11,1,2,0,True,True,False,[2 2 0 0 1 0 0 2 2 0 0 1 1 1 1 2 2 2],[1 0 0 0 1 0 0 1 1 1 1 0 0 1 1 0 1 1],"[0.183    0.5      0.166    0.158    0.333    0.158    0.1      0.133
 0.15     0.175    0.141    0.2      0.175    0.233    0.083    0.167
 0.125    0.065577]",2,sb_int-additive_comp-vsmean_gbatt-true_gbalt-true_lk-gaze-dependent_inh-free,0
5040,22,2,91,filler,,L,0,,5740.0,0.32,0.48,0.85,31,20,11,0,2,1,False,False,True,[0 0 2 2 1 1 2 2 2 2 1 1 1 1 0 0],[0 1 0 0 0 1 0 0 1 1 0 1 0 0 0 0],"[0.125    0.492    0.116    0.942    0.483    0.2      0.133    0.1
 0.208    0.333    0.133    0.283    0.175    0.3      0.175    0.173952]",2,sb_int-additive_comp-vsmean_gbatt-true_gbalt-true_lk-gaze-dependent_inh-free,0
5041,22,2,92,attraction,B,M,1,target,6260.0,0.75,0.65,0.63,7,14,13,2,1,0,False,True,False,[2 2 2 2 1 0 0 0 2 2 2 1 1 1 0 0 1 2 1 1],[1 1 1 1 1 1 1 0 0 0 1 1 0 0 1 1 1 0 1 0],"[0.091    0.116    0.15     1.952    0.4      0.241    0.2      0.241
 0.116    0.175    0.3      0.325    0.116    0.242    0.083    0.166
 0.133    0.217    0.15     0.097942]",1,sb_int-additive_comp-vsmean_gbatt-true_gbalt-true_lk-gaze-dependent_inh-free,0
5042,22,2,93,attraction,A,L,1,competitor,5840.0,0.78,0.62,0.76,7,15,6,2,0,1,True,False,True,[1 1 1 1 2 2 2 2 0 0 0 0 0 1 1 1 1 1 1],[1 1 1 0 1 0 0 0 0 0 1 1 0 1 1 0 1 1 1],"[0.225    0.367    0.1      0.208    1.034    0.125    0.183    0.216
 0.141    0.175    0.208    0.509    0.108    0.183    0.175    0.308
 0.1      0.275    0.037566]",1,sb_int-additive_comp-vsmean_gbatt-true_gbalt-true_lk-gaze-dependent_inh-free,0
5043,22,2,94,attraction,B,R,1,target,7560.0,0.78,0.65,0.63,8,15,14,1,2,0,False,True,True,[2 2 2 2 0 0 0 0 2 2 2 0 1 1 0 0 0 0 1 1 1 1 1 2 2 2 1 1 1],[0 0 0 0 0 0 1 1 0 1 1 0 0 0 1 0 1 1 1 1 0 1 1 0 0 1 1 0 0],"[0.35     0.483    0.141    0.308    0.141    0.191    0.233    0.083
 0.242    0.183    0.191    0.192    0.567    0.1      0.2      0.191
 0.208    0.116    0.275    0.091    0.133    0.191    0.083    0.116
 0.175    0.316    0.192    0.116    0.034825]",1,sb_int-additive_comp-vsmean_gbatt-true_gbalt-true_lk-gaze-dependent_inh-free,0
5044,22,2,95,attraction,B,M,1,target,6620.0,0.72,0.68,0.66,8,14,13,2,1,0,False,True,False,[2 2 2 2 1 1 0 0 0 2 2 2 2 1 1 1 2 2 1 2 2],[1 1 1 1 1 0 1 0 0 0 1 1 1 1 0 0 0 0 1 1 1],"[0.2      0.508    0.291    1.017    0.5      0.15     0.242    0.325
 0.141    0.3      0.116    0.183    0.375    0.292    0.208    0.083
 0.166    0.208    0.358    0.125    0.061833]",2,sb_int-additive_comp-vsmean_gbatt-true_gbalt-true_lk-gaze-dependent_inh-free,0
5045,22,2,96,compromise,A,M,1,competitor,6650.0,0.75,0.65,0.82,8,15,4,2,1,0,True,True,True,[2 2 1 0 0 1 2 2 2 2 1 1 0 0 1 1 1 1 1 1 0 1 1],[0 1 1 1 1 1 1 0 0 0 0 0 0 0 1 1 0 0 1 0 1 0 1],"[0.167    0.325    0.275    0.35     0.667    0.166    0.258    0.083
 0.133    0.108    0.208    0.175    0.1      0.208    0.216    0.233
 0.183    0.417    0.225    0.225    0.291    0.292    0.152209]",1,sb_int-additive_comp-vsmean_gbatt-true_gbalt-true_lk-gaze-dependent_inh-free,0
5046,22,2,97,attraction,A,R,0,target,3110.0,0.78,0.68,0.76,8,15,7,2,0,1,False,False,True,[1 1 1 2 0 0 2 2 1 0],[1 0 1 0 1 0 1 0 1 1],[0.141 0.325 0.208 0.4   0.375 0.241 0.242 0.183 0.275 0.108],0,sb_int-additive_comp-vsmean_gbatt-true_gbalt-true_lk-gaze-dependent_inh-free,0
5047,22,2,98,attraction,B,M,0,competitor,4760.0,0.72,0.62,0.6,8,15,14,1,2,0,False,False,True,[2 2 0 1 0 0 1 1 1 2 2 2 0 0 0 0],[0 0 0 1 0 1 0 0 1 1 0 0 0 0 1 1],"[0.241    0.216    0.859    0.392    0.233    0.208    0.2      0.141
 0.2      0.275    0.183    0.158    0.15     0.15     0.166    0.048211]",1,sb_int-additive_comp-vsmean_gbatt-true_gbalt-true_lk-gaze-dependent_inh-free,0
5048,22,2,99,attraction,A,L,0,target,7610.0,0.72,0.65,0.7,7,14,6,0,1,2,False,True,True,[0 0 1 1 2 2 2 1 1 2 1 2 2 1 0 0 0 0 0 1 1 2 2 2 1 1 1 0],[1 1 1 1 0 0 1 1 1 0 0 1 1 1 0 1 1 0 0 0 0 0 1 1 1 1 0 1],"[0.283    0.483    0.133    0.342    0.275    0.108    0.467    0.175
 0.141    0.133    0.325    0.1      0.083    0.208    0.242    0.15
 0.308    0.167    0.116    0.166    0.091    0.266    0.208    0.166
 0.2      0.208    0.258    0.439403]",0,sb_int-additive_comp-vsmean_gbatt-true_gbalt-true_lk-gaze-dependent_inh-free,0
5049,22,2,100,attraction,A,M,0,target,6230.0,0.78,0.68,0.76,7,15,6,1,2,0,False,True,False,[2 2 0 0 1 0 0 0 2 2 2 0 0 1 1 1 0 0],[1 0 1 1 0 1 0 0 1 1 0 1 1 0 0 1 1 0],"[0.242    1.393    0.183    0.55     0.283    0.166    0.158    0.133
 0.183    0.175    0.534    0.225    0.133    0.175    0.25     0.358
 0.175    0.208282]",0,sb_int-additive_comp-vsmean_gbatt-true_gbalt-true_lk-gaze-dependent_inh-free,0
5050,22,2,101,attraction,B,R,1,target,5730.0,0.78,0.62,0.6,7,14,13,0,2,1,False,False,False,[0 0 2 1 0 2 1 1 0 2 1 2 1 2 2 2 1],[1 1 1 1 0 0 0 1 1 1 1 1 0 0 1 1 1],"[0.325    1.051    0.217    0.292    0.225    0.241    0.216    0.1
 0.291    0.166    0.308    0.283    0.258    0.275    0.15     0.091
 0.097902]",2,sb_int-additive_comp-vsmean_gbatt-true_gbalt-true_lk-gaze-dependent_inh-free,0
5051,22,2,102,compromise,A,L,1,competitor,6190.0,0.72,0.65,0.82,8,15,4,2,0,1,False,True,False,[1 1 1 1 2 2 0 2 2 2 2 1 1 2 0 0 2 1 1],[0 0 0 0 1 1 0 1 1 0 0 1 0 1 0 1 1 0 1],"[0.141    0.383    0.417    0.801    0.233    0.367    0.458    0.183
 0.225    0.166    0.166    0.3      0.358    0.208    0.408    0.292
 0.1      0.191    0.112148]",1,sb_int-additive_comp-vsmean_gbatt-true_gbalt-true_lk-gaze-dependent_inh-free,0
5052,22,2,103,compromise,A,M,1,competitor,5990.0,0.78,0.68,0.82,8,15,5,0,1,2,False,False,False,[0 0 0 1 1 2 1 2 2 0 0 0 0 2 2 0 1 1 1 0 0 1 1],[1 1 1 1 1 1 1 0 0 0 0 1 1 1 0 0 0 0 1 1 1 1 0],"[0.083   0.725   0.208   0.283   0.133   0.317   0.216   0.133   0.166
 0.166   0.133   0.125   0.408   0.166   0.225   0.367   0.208   0.108
 0.342   0.091   0.108   0.083   0.35201]",1,sb_int-additive_comp-vsmean_gbatt-true_gbalt-true_lk-gaze-dependent_inh-free,0
5053,22,2,104,filler,,R,2,,6090.0,0.27,0.61,0.89,37,16,11,1,0,2,True,False,False,[1 1 1 1 1 0 1 0 0 2 2 2 2 1 1 1 2 2 1 1 2 2],[1 1 1 1 1 0 0 0 1 1 1 1 1 0 0 0 0 0 1 0 1 0],"[0.175   0.684   0.091   0.15    0.133   0.3     0.333   0.225   0.166
 0.116   0.166   0.1     0.275   0.158   0.25    0.125   0.233   0.2
 0.317   0.325   0.241   0.16601]",2,sb_int-additive_comp-vsmean_gbatt-true_gbalt-true_lk-gaze-dependent_inh-free,0
5054,22,2,105,attraction,B,R,1,target,3730.0,0.72,0.62,0.6,8,15,14,0,2,1,True,True,True,[0 0 2 2 1 1 2 1 0 0 0 0 0 1],[0 1 1 1 1 0 0 0 1 1 0 0 0 0],"[0.166    0.233    0.233    0.083    0.375    0.116    0.275    0.342
 0.2      0.141    0.133    0.091    0.133    0.090069]",0,sb_int-additive_comp-vsmean_gbatt-true_gbalt-true_lk-gaze-dependent_inh-free,0
5055,22,2,106,compromise,B,M,1,target,7130.0,0.75,0.62,0.58,7,15,34,0,1,2,False,True,False,[0 0 0 0 0 0 1 1 2 2 0 0 0 0 1 1 1 1 1 1 2 2 2 1 1],[1 1 1 1 1 1 1 1 1 1 1 1 0 1 0 0 1 1 0 0 1 1 0 1 1],"[0.125   0.442   0.509   0.267   0.191   0.3     0.125   0.275   0.158
 0.2     0.133   0.133   0.166   0.241   0.166   0.208   0.333   0.342
 0.2     0.166   0.208   0.133   0.392   0.15    0.06648]",2,sb_int-additive_comp-vsmean_gbatt-true_gbalt-true_lk-gaze-dependent_inh-free,0
5056,22,2,107,attraction,A,R,0,target,4200.0,0.75,0.65,0.73,8,14,7,2,1,0,False,False,True,[2 2 2 1 1 0 0 0 2 2 1 1 0],[0 0 0 1 1 0 0 1 1 1 0 0 1],"[0.141    0.842    0.567    0.241    0.225    0.125    0.275    0.233
 0.108    0.208    0.116    0.233    0.363687]",1,sb_int-additive_comp-vsmean_gbatt-true_gbalt-true_lk-gaze-dependent_inh-free,0
5057,22,2,108,attraction,A,L,0,target,3340.0,0.72,0.65,0.7,7,15,6,0,1,2,True,False,True,[1 0 0 1 2 2 0 0 0 2 2 0 2],[1 0 1 1 1 1 0 0 1 0 0 0 1],"[0.091    0.241    0.3      0.325    0.183    0.225    0.125    0.191
 0.108    0.141    0.192    0.258    0.088026]",0,sb_int-additive_comp-vsmean_gbatt-true_gbalt-true_lk-gaze-dependent_inh-free,0
5058,22,2,109,filler,,M,2,,5060.0,0.32,0.6,0.78,31,16,12,0,2,1,False,True,True,[0 0 2 1 1 1 2 2 0 0 2 1 1 2],[1 1 1 0 1 1 0 0 0 0 1 0 0 0],"[0.358    1.293    0.283    0.225    0.408    0.175    0.325    0.158
 0.216    0.15     0.175    0.158    0.208    0.190477]",2,sb_int-additive_comp-vsmean_gbatt-true_gbalt-true_lk-gaze-dependent_inh-free,0
5059,22,2,110,filler,,M,2,,3020.0,0.19,0.56,0.8,52,17,12,0,2,1,False,True,True,[0 2 1 1 1 2 2 2 1 1 0 0 2],[1 1 0 1 1 1 0 0 0 0 0 0 1],"[0.433    0.283    0.083    0.241    0.2      0.192    0.183    0.216
 0.216    0.091    0.15     0.141    0.020456]",2,sb_int-additive_comp-vsmean_gbatt-true_gbalt-true_lk-gaze-dependent_inh-free,0
5060,22,2,111,compromise,A,R,0,target,7280.0,0.75,0.68,0.88,7,15,5,2,0,1,True,True,True,[1 1 1 1 1 2 0 2 2 0 2 2 0 0 0 2 1 1 1 2 0 0],[0 0 0 1 1 1 1 1 1 1 1 1 1 0 0 0 0 0 1 1 1 0],"[0.242 0.225 0.1   0.567 0.484 0.976 0.325 0.125 0.158 0.333 0.15  0.175
 0.133 0.283 0.191 0.308 0.208 0.091 0.133 0.175 0.166 0.15 ]",2,sb_int-additive_comp-vsmean_gbatt-true_gbalt-true_lk-gaze-dependent_inh-free,0
5061,22,2,112,attraction,B,R,1,target,5210.0,0.78,0.62,0.6,7,15,14,0,2,1,True,True,True,[0 0 2 1 0 0 2 1 1 2 1 2 2 2 2 1 1 2 0 1],[1 1 1 1 1 0 0 0 1 1 1 1 0 0 0 0 0 0 0 1],"[0.192    0.175    0.367    0.325    0.266    0.175    0.183    0.25
 0.241    0.35     0.25     0.133    0.125    0.175    0.091    0.183
 0.15     0.125    0.258    0.294074]",0,sb_int-additive_comp-vsmean_gbatt-true_gbalt-true_lk-gaze-dependent_inh-free,0
5062,22,2,113,filler,,L,1,,5810.0,0.31,0.38,0.85,32,26,11,1,0,2,True,False,False,[0 0 1 2 0 0 1 1 1 0 0 1 1 0 1 2 2 2 2 2 2 1],[0 0 0 1 0 0 0 0 1 1 1 1 1 1 0 1 1 0 0 0 1 0],"[0.191    0.367    0.267    0.266    0.125    0.208    0.308    0.342
 0.266    0.125    0.242    0.2      0.367    0.125    0.267    0.133
 0.166    0.166    0.375    0.133    0.15     0.179239]",2,sb_int-additive_comp-vsmean_gbatt-true_gbalt-true_lk-gaze-dependent_inh-free,0
5063,22,2,114,attraction,B,M,1,target,4340.0,0.72,0.62,0.6,7,15,14,0,1,2,False,False,False,[0 0 1 2 1 0 1 1 2 2 1 1 1],[1 1 1 1 1 1 0 0 1 0 0 1 1],"[0.175    0.675    0.559    0.266    0.233    0.133    0.233    0.241
 0.241    0.183    0.208    0.267    0.194329]",1,sb_int-additive_comp-vsmean_gbatt-true_gbalt-true_lk-gaze-dependent_inh-free,0
5064,22,2,115,compromise,B,L,1,target,3840.0,0.78,0.65,0.52,8,14,34,2,0,1,False,False,False,[1 1 2 1 1 2 0 0 1 1 2 2 2 1],[1 1 1 1 1 1 1 0 0 1 1 1 0 0],"[0.1      0.208    0.258    0.116    0.367    0.342    0.225    0.241
 0.292    0.475    0.083    0.125    0.383    0.028024]",1,sb_int-additive_comp-vsmean_gbatt-true_gbalt-true_lk-gaze-dependent_inh-free,0
5065,22,2,116,compromise,B,R,2,decoy,7030.0,0.75,0.62,0.58,8,14,35,0,1,2,True,False,False,[1 0 0 1 1 2 1 1 1 0 0 0 0 1 1 1 2 1 1 2 2 1 2 1 1],[1 0 1 1 1 1 1 1 1 1 0 0 0 0 0 1 1 1 0 0 0 0 1 1 1],"[0.108    0.317    0.317    0.258    0.166    0.475    0.125    0.2
 0.725    0.125    0.083    0.1      0.125    0.242    0.1      0.241
 0.408    0.133    0.225    0.208    0.183    0.275    0.175    0.108
 0.214767]",1,sb_int-additive_comp-vsmean_gbatt-true_gbalt-true_lk-gaze-dependent_inh-free,0
5066,22,2,117,compromise,A,M,0,target,6460.0,0.78,0.68,0.88,8,15,4,1,0,2,False,True,True,[1 1 1 1 0 2 2 0 0 2 2 0 1 1 0 0 0 1],[0 0 0 0 0 1 1 0 0 1 0 1 1 1 0 1 1 1],"[0.116    0.2      0.542    0.725    0.508    0.175    0.625    0.433
 0.158    0.133    0.258    0.275    0.192    0.141    0.233    0.308
 0.233    0.300424]",1,sb_int-additive_comp-vsmean_gbatt-true_gbalt-true_lk-gaze-dependent_inh-free,0
5067,22,2,118,compromise,A,L,0,target,4730.0,0.78,0.62,0.85,7,15,4,0,1,2,True,False,False,[0 0 1 2 2 1 1 2 2 0 0 0 0 0 0 1 1 2 2 1 1],[0 1 1 1 1 1 1 0 0 0 0 1 1 0 0 1 0 0 1 1 0],"[0.125 0.241 0.3   0.141 0.2   0.208 0.108 0.158 0.283 0.15  0.15  0.216
 0.225 0.1   0.133 0.233 0.108 0.208 0.175 0.283 0.091]",1,sb_int-additive_comp-vsmean_gbatt-true_gbalt-true_lk-gaze-dependent_inh-free,0
5068,22,2,119,compromise,B,R,1,target,5730.0,0.72,0.62,0.55,8,14,35,1,2,0,True,True,False,[2 2 0 1 1 0 0 2 2 2 0 0 1 1 1 0 0 0 1 0 1],[1 0 0 1 1 0 1 1 1 0 0 0 1 1 0 1 1 0 1 0 1],"[0.208    0.291    0.442    0.175    0.35     0.2      0.216    0.175
 0.1      0.241    0.116    0.208    0.208    0.266    0.208    0.2
 0.167    0.283    0.233    0.258    0.049383]",1,sb_int-additive_comp-vsmean_gbatt-true_gbalt-true_lk-gaze-dependent_inh-free,0
5069,22,2,120,compromise,A,R,0,target,4730.0,0.78,0.68,0.88,7,15,5,2,1,0,True,True,False,[2 2 1 0 0 0 1 2 2 2 2 2 0 0 0 0 1 1],[1 0 1 0 0 1 0 1 1 0 1 1 0 0 1 0 0 0],"[0.225 0.25  0.867 0.191 0.225 0.233 0.141 0.1   0.166 0.233 0.175 0.133
 0.116 0.083 0.258 0.175 0.116 0.158]",1,sb_int-additive_comp-vsmean_gbatt-true_gbalt-true_lk-gaze-dependent_inh-free,0
5070,22,2,121,attraction,A,M,0,target,6040.0,0.75,0.68,0.73,7,14,6,1,0,2,True,False,False,[1 1 1 1 0 2 0 0 0 0 2 2 2 0 0 1 1 0 1],[1 1 0 0 0 1 1 1 0 0 1 0 1 0 1 0 1 0 1],"[0.116 0.166 0.183 0.116 0.759 0.3   0.141 0.183 0.2   0.734 0.233 0.3
 0.2   0.15  0.208 0.342 0.133 0.208 0.175]",1,sb_int-additive_comp-vsmean_gbatt-true_gbalt-true_lk-gaze-dependent_inh-free,0
5071,22,2,122,attraction,A,R,1,competitor,4570.0,0.72,0.68,0.7,7,14,6,0,2,1,False,False,True,[2 0 0 2 2 1 2 0 0 0 2 1 1 1 1 1 2 2],[0 1 1 0 0 0 1 1 1 0 1 0 1 1 0 0 0 0],"[0.1   0.15  0.3   0.15  0.442 0.509 0.15  0.125 0.141 0.175 0.35  0.183
 0.15  0.258 0.175 0.083 0.175 0.15 ]",1,sb_int-additive_comp-vsmean_gbatt-true_gbalt-true_lk-gaze-dependent_inh-free,0
5072,22,2,123,attraction,B,M,0,competitor,5560.0,0.78,0.62,0.6,8,15,14,1,0,2,True,True,False,[1 1 1 1 0 0 2 2 0 0 0 1 1 2 2 2 2 1 1 0 0],[0 0 1 1 1 1 1 1 0 1 0 0 0 0 0 1 1 1 1 1 0],"[0.166    0.25     0.175    0.216    0.083    0.45     0.183    0.191
 0.584    0.367    0.392    0.141    0.15     0.208    0.183    0.133
 0.191    0.158    0.141    0.183    0.139819]",0,sb_int-additive_comp-vsmean_gbatt-true_gbalt-true_lk-gaze-dependent_inh-free,0
5073,22,2,124,compromise,A,R,1,competitor,5180.0,0.78,0.68,0.85,7,15,4,0,2,1,False,False,False,[0 0 0 2 1 2 2 0 0 0 0 2 1 1 0 1 1 0 0 1 1 1],[1 1 1 1 1 1 0 0 0 1 1 1 1 0 0 1 1 1 1 0 0 1],"[0.108    0.241    0.108    0.383    0.325    0.15     0.275    0.083
 0.116    0.158    0.116    0.217    0.208    0.233    0.241    0.208
 0.166    0.108    0.283    0.208    0.191    0.145431]",2,sb_int-additive_comp-vsmean_gbatt-true_gbalt-true_lk-gaze-dependent_inh-free,0
5074,22,2,125,compromise,B,R,2,decoy,6150.0,0.72,0.65,0.58,7,15,34,0,1,2,True,True,False,[1 0 0 1 2 2 2 0 0 0 1 1 1 1 2 1 1 2 2 2 2 1 1 1 2 2],[0 0 1 1 1 1 1 1 0 0 0 0 1 1 1 0 0 1 1 0 1 1 1 0 1 1],"[0.166    0.241    0.225    0.266    0.116    0.125    0.25     0.225
 0.15     0.183    0.116    0.183    0.108    0.425    0.1      0.183
 0.166    0.083    0.116    0.367    0.35     0.15     0.45     0.275
 0.091    0.059622]",2,sb_int-additive_comp-vsmean_gbatt-true_gbalt-true_lk-gaze-dependent_inh-free,0
5075,22,2,126,filler,,L,2,,5510.0,0.29,0.42,0.72,34,23,13,1,2,0,True,True,True,[2 2 2 0 0 2 1 1 1 1 2 2 2 0 0 0 1 1 1 2],[0 0 1 1 1 1 0 0 1 1 1 0 0 0 1 1 1 1 0 1],"[0.083    0.133    0.325    0.158    0.7      0.216    0.141    0.083
 0.292    0.125    0.283    0.116    0.125    0.458    0.175    0.192
 0.083    0.342    0.175    0.161532]",0,sb_int-additive_comp-vsmean_gbatt-true_gbalt-true_lk-gaze-dependent_inh-free,0
5076,22,2,127,attraction,B,L,1,target,7180.0,0.78,0.65,0.63,7,15,14,1,0,2,False,True,True,[1 1 1 0 0 0 0 2 2 2 2 0 0 0 0 0 1 1 0],[1 0 0 0 0 0 0 0 0 1 1 0 0 1 1 1 1 0 0],"[0.317 0.133 1.301 0.4   0.116 0.275 0.867 0.133 0.241 0.191 0.292 0.175
 0.191 0.141 0.083 0.091 0.275 0.292 0.292]",0,sb_int-additive_comp-vsmean_gbatt-true_gbalt-true_lk-gaze-dependent_inh-free,0
5077,22,2,128,attraction,A,R,0,target,7020.0,0.78,0.62,0.76,8,14,7,2,1,0,False,False,True,[2 2 2 2 2 1 1 0 0 0 2 2 2 2 2 2 2 1 1 1 2 2 0 0 2 0],[0 0 1 0 0 1 1 0 0 1 0 0 0 1 1 0 0 1 0 0 0 0 0 1 1 1],"[0.091    0.358    0.183    0.241    0.4      0.192    0.642    0.15
 0.266    0.342    0.125    0.166    0.15     0.1      0.225    0.083
 0.125    0.442    0.158    0.083    0.141    0.125    0.342    0.233
 0.308    0.114054]",0,sb_int-additive_comp-vsmean_gbatt-true_gbalt-true_lk-gaze-dependent_inh-free,0
5078,22,2,129,compromise,A,M,1,competitor,5980.0,0.72,0.68,0.82,8,15,4,0,1,2,True,True,True,[0 0 1 2 2 2 2 0 2 0 0 0 0 0 1 1 1 1 1 2 0 1 1 1],[0 1 1 0 0 1 1 1 0 0 0 1 0 0 1 1 0 0 1 1 1 1 0 0],"[0.2      0.191    0.342    0.166    0.141    0.25     0.091    0.258
 0.225    0.083    0.208    0.216    0.2      0.091    0.308    0.133
 0.125    0.191    0.225    0.158    0.358    0.183    0.141    0.110294]",1,sb_int-additive_comp-vsmean_gbatt-true_gbalt-true_lk-gaze-dependent_inh-free,0
5079,22,2,130,compromise,B,M,1,target,5690.0,0.72,0.62,0.58,7,14,35,0,1,2,False,False,True,[0 0 1 1 0 0 1 2 2 0 0 0 1 2 2 2 2 2 1 1 1 1 1],[1 1 1 1 1 1 1 1 1 1 0 0 0 1 0 0 1 1 1 1 0 0 1],"[0.191    0.166    0.333    0.425    0.116    0.133    0.116    0.291
 0.108    0.125    0.158    0.266    0.133    0.141    0.216    0.25
 0.208    0.125    0.1      0.217    0.175    0.216    0.357171]",1,sb_int-additive_comp-vsmean_gbatt-true_gbalt-true_lk-gaze-dependent_inh-free,0
5080,22,2,131,compromise,B,R,0,competitor,8180.0,0.75,0.65,0.55,8,14,34,2,1,0,False,False,False,[2 2 2 2 1 1 0 0 0 1 1 0 0 1 2 0 0 2 0 2 2 2 1 1 1 0 0 1 0 0],[1 1 1 1 1 1 1 1 1 1 1 0 0 0 0 1 1 1 0 0 1 1 1 0 0 0 1 1 1 0],"[0.1      0.283    0.458    0.316    0.266    0.225    0.15     0.383
 0.258    0.116    0.242    0.141    0.216    0.208    0.183    0.108
 0.175    0.141    0.208    0.291    0.15     0.3      0.241    0.191
 0.158    0.216    0.083    0.225    0.325    0.348695]",2,sb_int-additive_comp-vsmean_gbatt-true_gbalt-true_lk-gaze-dependent_inh-free,0
5081,22,2,132,attraction,B,R,1,target,4930.0,0.78,0.65,0.63,8,15,14,1,2,0,True,False,False,[2 2 0 0 1 0 0 2 1 1 1 2 2 2 1 1 2],[1 1 0 1 0 0 1 0 0 0 1 0 1 1 0 1 1],"[0.116    0.292    0.358    0.15     0.458    0.166    0.183    0.216
 0.133    0.133    0.25     0.183    0.133    0.392    0.1      0.375
 0.035802]",0,sb_int-additive_comp-vsmean_gbatt-true_gbalt-true_lk-gaze-dependent_inh-free,0
5082,22,2,133,filler,,M,2,,3060.0,0.24,0.37,0.76,41,27,13,2,0,1,True,True,True,[1 1 1 2 2 0 2 2 2 2 2 1],[0 0 1 1 1 1 1 0 0 0 1 1],[0.208 0.116 0.175 0.091 0.225 0.408 0.191 0.125 0.158 0.292 0.233 0.225],2,sb_int-additive_comp-vsmean_gbatt-true_gbalt-true_lk-gaze-dependent_inh-free,0
5083,22,2,134,compromise,A,R,0,target,4200.0,0.78,0.65,0.82,8,14,4,2,1,0,False,True,True,[2 2 2 2 1 1 0 0 2 2 2 2 0 0 0 1 2],[1 1 0 0 1 1 0 1 1 1 0 0 0 0 1 0 0],"[0.15  0.191 0.2   0.125 0.1   0.225 0.425 0.283 0.191 0.133 0.216 0.15
 0.2   0.125 0.258 0.183 0.158]",0,sb_int-additive_comp-vsmean_gbatt-true_gbalt-true_lk-gaze-dependent_inh-free,0
5084,22,2,135,compromise,B,M,1,target,4400.0,0.75,0.68,0.55,7,14,34,0,1,2,True,False,False,[0 0 1 2 0 0 0 0 1 1 1 1 0 1],[0 1 1 1 1 0 0 1 0 0 1 1 1 1],"[0.208    0.141    0.3      0.333    0.208    0.108    0.175    0.292
 0.191    0.133    0.083    0.342    0.175    0.209689]",1,sb_int-additive_comp-vsmean_gbatt-true_gbalt-true_lk-gaze-dependent_inh-free,0
5085,22,2,136,attraction,A,L,0,target,5610.0,0.75,0.65,0.73,8,15,7,0,1,2,False,False,False,[0 0 0 1 2 0 0 1 1 0 1 2 0 0 2 2 0 1 1],[1 1 1 1 1 1 1 1 1 0 0 1 0 0 0 1 1 1 0],"[0.125 0.15  0.166 0.292 0.35  0.2   0.125 0.216 0.183 0.266 0.2   0.217
 0.333 0.108 0.3   0.166 0.166 0.216 0.3  ]",1,sb_int-additive_comp-vsmean_gbatt-true_gbalt-true_lk-gaze-dependent_inh-free,0
5086,22,2,137,attraction,B,M,1,target,5370.0,0.72,0.62,0.6,8,14,13,0,1,2,False,True,False,[1 0 0 1 2 2 2 2 2 1 1 2 0 0 0 0 1 1 1 1],[0 1 1 1 1 1 0 0 0 0 0 0 0 1 0 1 0 0 1 0],"[0.133    0.133    0.659    0.4      0.175    0.25     0.083    0.125
 0.133    0.191    0.141    0.275    0.183    0.208    0.342    0.133
 0.191    0.241    0.258    0.029662]",1,sb_int-additive_comp-vsmean_gbatt-true_gbalt-true_lk-gaze-dependent_inh-free,0
5087,22,2,138,compromise,B,L,1,target,7840.0,0.72,0.65,0.55,7,15,35,2,0,1,False,False,False,[1 1 2 0 1 1 1 1 2 2 2 2 0 1 0 1 1 1 2 0 1 2],[1 1 1 1 1 1 1 1 1 1 1 1 1 1 0 0 0 1 1 1 1 0],"[0.15     0.542    0.233    0.333    0.167    0.383    0.283    0.133
 0.2      0.592    0.283    0.492    0.166    0.408    0.2      0.266
 0.108    0.241    0.141    0.25     0.133    0.283678]",1,sb_int-additive_comp-vsmean_gbatt-true_gbalt-true_lk-gaze-dependent_inh-free,0
5088,22,2,139,compromise,A,M,0,target,4830.0,0.78,0.62,0.85,8,14,4,1,2,0,True,False,True,[2 2 2 0 0 0 1 2 2 2 2 0 0 0 0 0],[0 0 0 1 1 0 1 0 0 1 1 0 0 1 0 0],"[0.091    0.826    0.308    0.275    0.325    0.15     0.283    0.141
 0.175    0.15     0.158    0.125    0.175    0.417    0.133    0.097792]",0,sb_int-additive_comp-vsmean_gbatt-true_gbalt-true_lk-gaze-dependent_inh-free,0
5089,22,2,140,filler,,L,2,,2540.0,0.16,0.46,0.87,62,21,11,2,1,0,False,True,False,[2 1 1 0 0 2 1 2 2 2],[1 1 1 1 1 1 1 1 1 0],[0.367 0.216 0.125 0.275 0.108 0.141 0.325 0.141 0.125 0.191],2,sb_int-additive_comp-vsmean_gbatt-true_gbalt-true_lk-gaze-dependent_inh-free,0
5090,22,2,141,compromise,A,R,0,target,7790.0,0.75,0.65,0.85,8,15,5,2,1,0,False,True,True,[2 2 1 1 0 0 0 0 1 0 0 1 1 1 1 0 0 0 0 0 1 2 2 0 0 0 2 2],[0 0 1 1 1 1 1 0 1 1 1 0 0 0 1 0 0 1 1 1 0 1 0 1 0 0 0 0],"[0.125 0.35  0.233 0.158 0.108 0.208 0.166 0.3   0.225 0.091 0.158 0.4
 0.15  0.2   0.333 0.308 0.3   0.308 0.283 0.116 0.141 0.192 0.266 0.175
 0.333 0.116 0.167 0.158]",0,sb_int-additive_comp-vsmean_gbatt-true_gbalt-true_lk-gaze-dependent_inh-free,0
5091,22,2,142,compromise,B,L,1,target,6520.0,0.72,0.68,0.58,8,14,35,2,0,1,False,False,True,[1 1 1 2 0 2 2 0 0 0 2 2 1 1 1 1 1 0 0 1 1 1],[1 1 0 0 1 0 0 1 1 0 1 0 1 1 0 1 1 1 0 1 0 1],"[0.091    0.183    0.5      0.275    0.317    0.133    0.216    0.166
 0.116    0.292    0.55     0.292    0.116    0.191    0.375    0.158
 0.091    0.408    0.292    0.275    0.208    0.077759]",2,sb_int-additive_comp-vsmean_gbatt-true_gbalt-true_lk-gaze-dependent_inh-free,0
5092,22,2,143,compromise,A,R,2,decoy,6180.0,0.78,0.65,0.82,8,14,5,1,0,2,False,False,True,[1 1 0 1 0 2 2 2 0 0 0 0 2 2 2 2 0 0 0 0 2 2],[1 1 1 1 0 1 1 0 0 0 1 0 0 0 1 1 1 1 0 0 1 0],"[0.166    0.55     0.383    0.183    0.191    0.258    0.091    0.158
 0.1      0.225    0.2      0.258    0.1      0.15     0.108    0.258
 0.225    0.667    0.083    0.091    0.141    0.132002]",0,sb_int-additive_comp-vsmean_gbatt-true_gbalt-true_lk-gaze-dependent_inh-free,0
5093,22,2,144,filler,,L,2,,5020.0,0.19,0.59,0.81,52,16,12,2,1,0,False,True,True,[2 2 1 0 0 0 0 1 2 2 2 2 2 1 1 2 2],[0 0 1 1 1 1 0 1 0 0 1 0 1 0 0 0 0],"[0.333    0.091    0.8      0.241    0.191    0.266    0.383    0.191
 0.108    0.392    0.1      0.2      0.183    0.183    0.233    0.1
 0.062742]",2,sb_int-additive_comp-vsmean_gbatt-true_gbalt-true_lk-gaze-dependent_inh-free,0
5094,22,2,145,attraction,A,L,0,target,5460.0,0.75,0.65,0.73,7,15,6,0,2,1,True,False,True,[0 0 0 0 2 1 2 2 0 0 0 0 2 2 0],[0 0 1 1 0 0 1 1 0 0 1 0 0 1 1],"[0.141 0.183 0.317 1.017 0.584 0.458 0.091 0.108 0.216 0.183 0.342 0.141
 0.191 0.25  0.3  ]",0,sb_int-additive_comp-vsmean_gbatt-true_gbalt-true_lk-gaze-dependent_inh-free,0
5095,22,2,146,attraction,B,M,1,target,3560.0,0.72,0.65,0.63,8,14,13,2,1,0,False,True,True,[2 2 1 1 0 2 2 2 2 2 1 1 1 1 0 0],[0 0 1 1 0 0 0 0 1 1 0 1 0 0 0 1],"[0.2      0.241    0.083    0.308    0.1      0.166    0.183    0.116
 0.183    0.141    0.266    0.116    0.1      0.091    0.241    0.192433]",2,sb_int-additive_comp-vsmean_gbatt-true_gbalt-true_lk-gaze-dependent_inh-free,0
5096,22,2,147,compromise,A,M,1,competitor,6880.0,0.72,0.68,0.82,8,15,4,2,1,0,True,True,False,[2 2 2 2 2 1 0 0 1 2 0 1 0 1 1 1 0 0 1 1 2 0 1 1],[1 1 0 1 0 1 0 0 1 0 0 0 0 1 1 0 1 1 0 1 0 0 0 0],"[0.1      0.292    0.116    0.125    0.2      0.283    0.175    0.325
 0.166    0.116    0.141    0.141    0.291    0.175    0.233    0.241
 0.167    0.166    0.275    0.233    0.542    0.116    0.258    0.237429]",1,sb_int-additive_comp-vsmean_gbatt-true_gbalt-true_lk-gaze-dependent_inh-free,0
5097,22,2,148,compromise,A,L,0,target,4770.0,0.75,0.62,0.88,8,15,4,0,2,1,True,True,True,[0 0 2 2 1 1 2 2 2 0 0 0 0 0 1 1 1 1 0 0],[0 1 1 1 1 1 1 0 0 0 0 1 0 0 0 0 1 1 1 1],"[0.2      0.158    0.208    0.133    0.125    0.325    0.217    0.258
 0.191    0.191    0.141    0.225    0.091    0.166    0.175    0.175
 0.175    0.166    0.191    0.198513]",0,sb_int-additive_comp-vsmean_gbatt-true_gbalt-true_lk-gaze-dependent_inh-free,0
5098,22,2,149,filler,,M,2,,3470.0,0.28,0.67,0.78,35,14,12,2,0,1,False,True,False,[1 1 1 2 2 0 2 2 2 1 1 2 2],[0 0 0 1 1 0 0 1 0 1 0 1 0],"[0.141   0.141   0.283   0.133   0.141   0.35    0.233   0.208   0.192
 0.283   0.308   0.342   0.07961]",2,sb_int-additive_comp-vsmean_gbatt-true_gbalt-true_lk-gaze-dependent_inh-free,0
5099,22,2,150,attraction,B,R,0,competitor,4490.0,0.78,0.68,0.66,7,14,13,2,1,0,True,True,False,[2 2 1 1 1 2 0 0 1 0 1 1 2 2 1 0],[1 0 0 1 1 1 0 0 1 1 0 0 1 0 1 0],"[0.417 0.358 0.358 0.116 0.208 0.158 0.141 0.217 0.108 0.433 0.158 0.158
 0.183 0.083 0.225 0.191]",2,sb_int-additive_comp-vsmean_gbatt-true_gbalt-true_lk-gaze-dependent_inh-free,0
5100,22,3,151,filler,,R,2,,4180.0,0.16,0.46,0.87,62,21,11,0,1,2,False,True,True,[1 0 0 0 0 0 1 2 2 2 2 2 1 2],[0 1 1 0 1 1 1 0 0 1 1 0 0 1],"[0.158 0.266 0.091 0.083 0.158 0.083 0.266 0.191 0.216 0.108 0.283 0.108
 0.508 0.258]",2,sb_int-additive_comp-vsmean_gbatt-true_gbalt-true_lk-gaze-dependent_inh-free,0
5101,22,3,152,filler,,M,2,,3520.0,0.19,0.56,0.8,52,17,12,2,0,1,True,True,True,[2 1 2 0 0 0 2 2 2 1 2 2],[0 0 1 0 1 1 1 0 0 0 1 0],"[0.183    0.125    0.333    0.241    0.192    0.25     0.192    0.216
 0.175    0.242    0.191    0.086689]",2,sb_int-additive_comp-vsmean_gbatt-true_gbalt-true_lk-gaze-dependent_inh-free,0
5102,22,3,153,compromise,B,R,1,target,3620.0,0.72,0.62,0.55,9,14,32,0,2,1,False,True,False,[2 0 2 1 1 0 0 2 1 1 1],[1 1 0 0 1 0 1 1 0 0 1],"[0.133    0.317    0.275    0.442    0.317    0.166    0.367    0.116
 0.083    0.183    0.276144]",1,sb_int-additive_comp-vsmean_gbatt-true_gbalt-true_lk-gaze-dependent_inh-free,0
5103,22,3,154,compromise,A,R,0,target,4520.0,0.78,0.62,0.85,9,14,6,2,0,1,False,False,True,[1 2 0 0 0 1 1 2 2 2 0 0],[1 0 1 1 0 0 1 0 1 1 0 1],"[0.2      0.392    0.692    0.325    0.191    0.133    0.125    0.325
 0.175    0.166    0.166    0.080742]",0,sb_int-additive_comp-vsmean_gbatt-true_gbalt-true_lk-gaze-dependent_inh-free,0
5104,22,3,155,compromise,A,L,0,target,4510.0,0.75,0.62,0.88,9,15,6,0,1,2,False,True,True,[0 0 1 2 2 1 0 2 2 2 2 0],[1 1 1 1 1 0 1 1 0 0 1 1],[0.083 0.584 0.308 0.233 0.45  0.191 0.325 0.133 0.25  0.125 0.15  0.15 ],2,sb_int-additive_comp-vsmean_gbatt-true_gbalt-true_lk-gaze-dependent_inh-free,0
5105,22,3,156,compromise,A,L,0,target,4440.0,0.78,0.68,0.88,9,15,6,0,2,1,False,False,True,[2 0 0 2 1 0 0 2 2 2 0 0 2 2 2 0],[0 1 1 0 0 1 1 0 1 1 1 1 0 0 1 0],"[0.125 0.283 0.091 0.283 0.65  0.141 0.35  0.258 0.208 0.116 0.183 0.091
 0.166 0.116 0.083 0.125]",2,sb_int-additive_comp-vsmean_gbatt-true_gbalt-true_lk-gaze-dependent_inh-free,0
5106,22,3,157,filler,,M,2,,1980.0,0.29,0.42,0.72,34,23,13,2,0,1,True,False,False,[1 1 2 0 0 2 2 2],[1 1 0 0 0 0 1 1],[0.083    0.5      0.25     0.333    0.091    0.116    0.108    0.026871],2,sb_int-additive_comp-vsmean_gbatt-true_gbalt-true_lk-gaze-dependent_inh-free,0
5107,22,3,158,compromise,B,M,0,competitor,3150.0,0.78,0.62,0.55,9,14,32,1,2,0,False,True,True,[2 2 2 0 1 0 0 1 1 1 0],[0 0 1 0 0 1 1 1 1 0 0],"[0.292    0.108    0.116    0.216    0.458    0.133    0.25     0.233
 0.083    0.175    0.145317]",0,sb_int-additive_comp-vsmean_gbatt-true_gbalt-true_lk-gaze-dependent_inh-free,0
5108,22,3,159,attraction,B,M,1,target,3030.0,0.78,0.65,0.63,8,15,14,2,1,0,False,True,True,[2 2 1 0 1 2 2 1 1 1],[0 0 1 0 1 0 0 1 0 1],"[0.325    0.141    0.266    0.358    0.2      0.175    0.15     0.158
 0.3      0.163718]",1,sb_int-additive_comp-vsmean_gbatt-true_gbalt-true_lk-gaze-dependent_inh-free,0
5109,22,3,160,compromise,A,M,1,competitor,4170.0,0.72,0.65,0.82,9,15,6,2,1,0,True,True,True,[2 2 1 0 1 1 0 0 1 2 2 2 1 1 1],[0 1 1 1 0 0 0 1 1 1 0 0 0 0 1],"[0.15     0.091    0.267    0.292    0.175    0.175    0.325    0.241
 0.233    0.15     0.2      0.241    0.1      0.158    0.277476]",1,sb_int-additive_comp-vsmean_gbatt-true_gbalt-true_lk-gaze-dependent_inh-free,0
5110,22,3,161,compromise,B,M,1,target,3820.0,0.72,0.68,0.58,9,14,32,0,1,2,False,False,True,[0 0 1 1 2 2 1 1 0 0 0 1 1 1 2 1],[1 1 1 1 1 1 0 1 1 1 0 0 1 1 1 0],"[0.133 0.242 0.258 0.1   0.166 0.325 0.225 0.175 0.108 0.141 0.108 0.241
 0.125 0.241 0.15  0.133]",1,sb_int-additive_comp-vsmean_gbatt-true_gbalt-true_lk-gaze-dependent_inh-free,0
5111,22,3,162,compromise,A,M,1,competitor,6230.0,0.78,0.68,0.88,8,15,7,0,1,2,False,False,False,[0 0 0 1 1 2 2 1 0 0 0 1 2 2 2 1 1 0 0 1],[1 1 1 1 1 1 1 1 1 1 1 1 1 0 0 0 1 1 0 0],"[0.091 0.116 0.242 0.15  0.45  0.091 0.508 0.292 0.2   0.408 0.166 0.275
 0.542 0.175 0.125 0.25  0.133 0.333 0.083 0.241]",0,sb_int-additive_comp-vsmean_gbatt-true_gbalt-true_lk-gaze-dependent_inh-free,0
5112,22,3,163,attraction,A,M,0,target,4770.0,0.75,0.65,0.73,9,15,8,1,2,0,True,True,True,[2 2 2 2 2 2 0 1 0 0 0 0 2 0 0 2 2 2 2 0 0],[0 1 1 1 1 1 1 1 1 1 1 1 1 0 0 0 0 1 0 1 0],"[0.175    0.083    0.1      0.091    0.1      0.108    0.358    0.433
 0.083    0.116    0.125    0.175    0.108    0.116    0.158    0.083
 0.217    0.1      0.175    0.233    0.058169]",0,sb_int-additive_comp-vsmean_gbatt-true_gbalt-true_lk-gaze-dependent_inh-free,0
5113,22,3,164,attraction,B,R,1,target,3540.0,0.75,0.62,0.6,8,15,14,0,2,1,False,True,True,[0 0 2 1 2 2 2 1 1 0],[1 1 1 1 1 0 0 0 1 0],[0.175 0.3   0.291 0.642 0.191 0.15  0.116 0.258 0.216 0.492],2,sb_int-additive_comp-vsmean_gbatt-true_gbalt-true_lk-gaze-dependent_inh-free,0
5114,22,3,165,attraction,B,L,1,target,7020.0,0.72,0.62,0.6,9,15,14,1,0,2,True,False,True,[1 1 1 0 2 2 0 0 0 2 1 1 1 1 1 1 1 0 2 0 1],[1 1 0 0 1 1 0 0 1 0 1 1 1 1 1 1 1 0 1 0 1],"[0.158    0.141    0.133    0.367    0.233    0.133    0.158    0.492
 0.4      0.091    0.1      0.342    0.191    0.392    0.133    0.116
 0.175    0.3      0.35     0.208    0.235879]",1,sb_int-additive_comp-vsmean_gbatt-true_gbalt-true_lk-gaze-dependent_inh-free,0
5115,22,3,166,filler,,R,2,,5120.0,0.32,0.6,0.78,31,16,12,0,1,2,True,True,False,[1 0 0 1 1 1 1 2 0 1 2],[0 0 0 0 0 1 1 1 1 1 0],[0.116 0.141 0.275 0.158 0.55  0.275 0.091 0.483 0.133 0.258 0.392],2,sb_int-additive_comp-vsmean_gbatt-true_gbalt-true_lk-gaze-dependent_inh-free,0
5116,22,3,167,compromise,A,R,0,target,3560.0,0.75,0.68,0.88,8,15,7,2,0,1,False,False,True,[1 1 1 2 0 0 0 2 2 0 2 1 2 2 0],[1 1 0 0 1 0 0 1 0 1 0 1 1 1 0],"[0.1      0.158    0.125    0.358    0.3      0.091    0.15     0.225
 0.183    0.208    0.191    0.108    0.216    0.183    0.027297]",2,sb_int-additive_comp-vsmean_gbatt-true_gbalt-true_lk-gaze-dependent_inh-free,0
5117,22,3,168,compromise,A,M,0,target,5020.0,0.78,0.65,0.82,9,14,6,1,0,2,False,True,False,[1 1 1 1 0 2 2 2 0 0 0 0 1 1],[0 0 0 0 0 1 1 0 1 1 0 0 1 1],"[0.133    0.191    1.126    0.442    0.5      0.2      0.342    0.242
 0.225    0.25     0.25     0.091    0.216    0.079924]",2,sb_int-additive_comp-vsmean_gbatt-true_gbalt-true_lk-gaze-dependent_inh-free,0
5118,22,3,169,compromise,B,L,0,competitor,7370.0,0.72,0.62,0.58,8,14,32,0,1,2,False,True,True,[1 0 0 0 0 0 0 1 2 2 1 0 0 0 1 1 1 2],[0 1 1 1 1 1 1 1 1 1 1 1 1 0 0 0 0 0],"[0.133 0.208 0.592 0.233 1.076 0.091 0.15  0.358 0.208 0.2   0.4   0.125
 0.266 0.141 0.1   0.091 0.083 0.242]",1,sb_int-additive_comp-vsmean_gbatt-true_gbalt-true_lk-gaze-dependent_inh-free,0
5119,22,3,170,filler,,M,2,,3660.0,0.27,0.61,0.89,37,16,11,0,2,1,True,True,True,[0 0 0 0 2 2 1 1 2 2],[0 0 0 1 1 1 1 1 0 0],"[0.342   0.392   0.35    0.2     0.108   0.7     0.267   0.108   0.267
 0.23702]",2,sb_int-additive_comp-vsmean_gbatt-true_gbalt-true_lk-gaze-dependent_inh-free,0
5120,22,3,171,filler,,L,2,,3800.0,0.19,0.59,0.81,52,16,12,1,2,0,True,True,False,[2 2 2 2 2 0 1 1 2 0 1],[1 0 0 0 0 0 1 1 1 0 0],"[0.133    0.108    0.166    0.116    0.083    0.25     0.233    0.133
 0.283    0.116    0.062484]",1,sb_int-additive_comp-vsmean_gbatt-true_gbalt-true_lk-gaze-dependent_inh-free,0
5121,22,3,172,filler,,L,2,,3150.0,0.32,0.48,0.85,31,20,11,1,2,0,True,False,False,[0 0 2 2 2 0 1 0 0 2 2],[0 0 1 1 1 0 0 0 0 1 1],"[0.141    0.183    0.158    0.375    0.55     0.325    0.508    0.108
 0.1      0.108    0.090787]",2,sb_int-additive_comp-vsmean_gbatt-true_gbalt-true_lk-gaze-dependent_inh-free,0
5122,22,3,173,attraction,A,R,0,target,3090.0,0.75,0.65,0.73,9,14,8,2,1,0,True,False,True,[1 2 1 0 0 2 2 0 0],[1 0 1 1 0 1 0 0 1],"[0.133    0.133    0.267    0.408    0.125    0.183    0.325    0.233
 0.202639]",0,sb_int-additive_comp-vsmean_gbatt-true_gbalt-true_lk-gaze-dependent_inh-free,0
5123,22,3,174,filler,,L,2,,4290.0,0.28,0.67,0.78,35,14,12,2,1,0,True,True,True,[1 1 0 0 0 1 1 1 1 2 2 1 1 1 1],[0 1 1 0 0 1 1 0 0 0 0 0 0 1 1],"[0.141 0.358 0.333 0.15  0.083 0.175 0.125 0.133 0.1   0.083 0.266 0.233
 0.25  0.158 0.133]",1,sb_int-additive_comp-vsmean_gbatt-true_gbalt-true_lk-gaze-dependent_inh-free,0
5124,22,3,175,attraction,B,R,0,competitor,5430.0,0.78,0.65,0.63,9,15,14,2,0,1,False,False,True,[2 1 1 1 1 1 1 1 1 1 1 1 2 2 2 0 0 0 0 2 0 0 2 1 1 1 0 0],[0 1 1 0 0 0 0 0 0 0 0 0 0 0 0 1 1 1 1 0 0 0 1 1 1 1 1 1],"[0.091    0.1      0.091    0.108    0.116    0.083    0.1      0.125
 0.1      0.141    0.091    0.1      0.141    0.091    0.15     0.2
 0.45     0.133    0.141    0.258    0.183    0.116    0.175    0.133
 0.158    0.091    0.083    0.032722]",0,sb_int-additive_comp-vsmean_gbatt-true_gbalt-true_lk-gaze-dependent_inh-free,0
5125,22,3,176,attraction,B,L,1,target,5570.0,0.75,0.65,0.63,8,14,13,1,0,2,True,True,False,[1 0 2 2 0 0 0 0 0 1 1 1 1 1 1 1 2 2 2 1],[0 1 1 1 1 0 0 0 1 0 0 1 1 0 0 0 1 0 0 0],"[0.15  0.383 0.183 0.216 0.166 0.125 0.408 0.116 0.183 0.15  0.241 0.091
 0.1   0.166 0.141 0.225 0.316 0.25  0.166 0.141]",1,sb_int-additive_comp-vsmean_gbatt-true_gbalt-true_lk-gaze-dependent_inh-free,0
5126,22,3,177,filler,,M,2,,2220.0,0.24,0.37,0.76,41,27,13,0,2,1,False,False,False,[2 0 0 2 2 2 1 2 2],[1 1 1 0 1 1 1 0 1],"[0.083    0.091    0.342    0.133    0.1      0.25     0.308    0.225
 0.235866]",2,sb_int-additive_comp-vsmean_gbatt-true_gbalt-true_lk-gaze-dependent_inh-free,0
5127,22,3,178,compromise,B,M,0,competitor,6460.0,0.75,0.62,0.58,8,15,31,1,2,0,True,True,False,[2 2 2 0 1 0 0 0 1 0 0 1 0 1 0 1 0 2 2 0 1 0 0],[1 1 0 0 1 0 0 1 0 0 0 1 1 0 0 1 0 1 1 0 1 0 0],"[0.125    0.158    0.108    0.283    0.375    0.108    0.266    0.216
 0.091    0.116    0.15     0.542    0.241    0.2      0.191    0.258
 0.125    0.275    0.233    0.15     0.225    0.091    0.163026]",0,sb_int-additive_comp-vsmean_gbatt-true_gbalt-true_lk-gaze-dependent_inh-free,0
5128,22,3,179,attraction,B,M,1,target,4340.0,0.78,0.62,0.6,8,14,13,0,1,2,False,True,True,[0 0 1 2 2 0 0 1 1 2 1 1 2 1 1],[1 1 1 1 0 1 1 1 1 1 0 0 0 0 1],"[0.175    0.141    0.266    0.375    0.166    0.1      0.267    0.133
 0.2      0.241    0.192    0.141    0.3      0.116    0.177995]",1,sb_int-additive_comp-vsmean_gbatt-true_gbalt-true_lk-gaze-dependent_inh-free,0
5129,22,3,180,attraction,B,L,1,target,5360.0,0.72,0.68,0.66,9,14,13,2,0,1,False,True,True,[1 1 1 2 0 2 0 2 1 1 1 1 1 2 1 1],[0 1 1 0 0 0 0 1 0 0 0 1 1 0 0 0],"[0.25     0.083    0.091    0.4      0.776    0.2      0.191    0.175
 0.216    0.283    0.108    0.083    0.133    0.216    0.283    0.063221]",1,sb_int-additive_comp-vsmean_gbatt-true_gbalt-true_lk-gaze-dependent_inh-free,0
5130,22,3,181,attraction,B,L,1,target,4570.0,0.78,0.62,0.6,9,15,14,2,0,1,False,False,True,[1 1 1 1 2 2 0 0 0 2 1 2 1 2],[1 1 1 0 0 0 1 0 0 1 1 0 1 1],"[0.125 0.292 0.116 0.1   0.116 0.233 0.333 0.133 0.266 0.2   0.392 0.15
 0.225 0.2  ]",2,sb_int-additive_comp-vsmean_gbatt-true_gbalt-true_lk-gaze-dependent_inh-free,0
5131,22,3,182,attraction,A,R,1,competitor,5580.0,0.72,0.65,0.7,8,15,7,0,2,1,False,True,False,[0 0 0 2 2 1 1 2 2 1 1 2 1 1],[1 1 1 0 0 0 0 1 1 0 1 1 0 0],"[0.2      0.759    0.534    0.116    0.283    0.275    0.15     0.1
 0.275    0.342    0.325    0.125    0.141    0.163071]",1,sb_int-additive_comp-vsmean_gbatt-true_gbalt-true_lk-gaze-dependent_inh-free,0
5132,22,3,183,attraction,B,L,1,target,6190.0,0.72,0.62,0.6,9,14,13,1,0,2,True,False,True,[0 0 2 0 0 1 1 2 2 1 0 0 0 0 0 1 1 0 0 1 1 1 1],[0 0 1 0 0 0 0 1 0 1 0 0 1 1 0 1 1 0 0 0 0 1 1],"[0.242 0.083 0.367 0.158 0.133 0.141 0.158 0.192 0.225 0.283 0.158 0.083
 0.241 0.241 0.15  0.158 0.183 0.175 0.15  0.108 0.233 0.133 0.241]",1,sb_int-additive_comp-vsmean_gbatt-true_gbalt-true_lk-gaze-dependent_inh-free,0
5133,22,3,184,filler,,M,2,,3030.0,0.27,0.47,0.86,37,21,11,0,2,1,True,False,True,[0 0 0 0 2 2 1 0 2 1 2],[0 0 1 1 0 0 0 1 0 0 0],"[0.083    0.275    0.125    0.125    0.208    0.242    0.425    0.108
 0.166    0.241    0.020518]",2,sb_int-additive_comp-vsmean_gbatt-true_gbalt-true_lk-gaze-dependent_inh-free,0
5134,22,3,185,attraction,B,M,0,competitor,3610.0,0.72,0.62,0.6,9,15,14,1,0,2,False,True,False,[1 1 1 0 2 2 1 0 0 2 2 0 0],[1 0 0 0 1 1 0 0 1 0 0 0 1],"[0.125    0.216    0.2      0.233    0.141    0.1      0.216    0.175
 0.2      0.233    0.291    0.083    0.081597]",0,sb_int-additive_comp-vsmean_gbatt-true_gbalt-true_lk-gaze-dependent_inh-free,0
5135,22,3,186,attraction,B,R,1,target,4640.0,0.72,0.65,0.63,9,14,13,1,2,0,True,False,False,[2 2 2 0 1 0 0 2 2 1 1 0],[1 1 1 0 0 0 0 1 1 0 1 1],"[0.133    0.392    0.1      0.567    1.059    0.175    0.158    0.183
 0.208    0.158    0.217    0.031197]",2,sb_int-additive_comp-vsmean_gbatt-true_gbalt-true_lk-gaze-dependent_inh-free,0
5136,22,3,187,attraction,A,R,0,target,4510.0,0.75,0.65,0.73,8,15,7,2,1,0,True,False,False,[2 2 2 1 0 2 0 0 2 2 1 1 1 0],[1 1 1 1 0 0 1 1 1 1 0 0 1 0],"[0.125    0.083    0.091    0.308    0.408    0.108    0.158    0.175
 0.191    0.141    0.342    0.116    0.342    0.358053]",1,sb_int-additive_comp-vsmean_gbatt-true_gbalt-true_lk-gaze-dependent_inh-free,0
5137,22,3,188,attraction,B,M,0,competitor,2240.0,0.78,0.62,0.6,8,15,14,1,0,2,True,False,False,[0 0 2 0 0 1 1 0 0],[0 0 1 0 1 1 1 0 0],"[0.133    0.166    0.25     0.158    0.266    0.15     0.141    0.141
 0.042385]",2,sb_int-additive_comp-vsmean_gbatt-true_gbalt-true_lk-gaze-dependent_inh-free,0
5138,22,3,189,attraction,B,L,1,target,3520.0,0.78,0.68,0.66,8,14,13,2,0,1,False,True,False,[1 1 1 2 2 2 2 1 2 0 0 2 1 1 1 2],[0 0 0 0 0 1 1 0 1 0 0 0 1 0 0 1],"[0.167    0.158    0.083    0.166    0.175    0.125    0.292    0.258
 0.208    0.191    0.166    0.192    0.133    0.133    0.141    0.055227]",1,sb_int-additive_comp-vsmean_gbatt-true_gbalt-true_lk-gaze-dependent_inh-free,0
5139,22,3,190,compromise,A,R,2,decoy,4630.0,0.78,0.62,0.85,8,15,6,0,1,2,True,False,False,[0 0 1 1 2 2 0 0 0 2 2 0 0 1 1 1 2 2],[0 0 1 1 1 1 1 0 0 0 0 0 0 1 0 0 1 1],"[0.091    0.133    0.158    0.191    0.116    0.325    0.175    0.183
 0.141    0.15     0.216    0.1      0.25     0.241    0.317    0.267
 0.133    0.104948]",2,sb_int-additive_comp-vsmean_gbatt-true_gbalt-true_lk-gaze-dependent_inh-free,0
5140,22,3,191,attraction,A,M,0,target,4010.0,0.72,0.65,0.7,8,15,7,1,2,0,False,False,False,[2 2 2 0 0 1 1 2 0 0],[1 1 1 1 1 0 0 0 0 1],"[0.125    0.242    1.443    0.175    0.342    0.208    0.242    0.325
 0.2      0.182162]",0,sb_int-additive_comp-vsmean_gbatt-true_gbalt-true_lk-gaze-dependent_inh-free,0
5141,22,3,192,attraction,A,R,0,target,4620.0,0.72,0.68,0.7,8,14,7,2,1,0,True,True,False,[1 2 2 1 0 1 1 2 2 2 2 0 0 1],[0 1 0 1 0 1 0 0 1 1 1 1 0 1],"[0.116    0.175    0.108    0.258    0.166    0.267    0.35     0.091
 0.166    0.208    0.192    0.242    0.358    0.126764]",0,sb_int-additive_comp-vsmean_gbatt-true_gbalt-true_lk-gaze-dependent_inh-free,0
5142,22,3,193,attraction,A,R,1,competitor,4180.0,0.72,0.62,0.7,9,15,8,0,2,1,False,False,False,[0 0 2 1 2 0 2 1 1 1 2 2 0 0 1],[1 1 1 1 0 0 0 0 0 1 1 1 1 1 0],"[0.3   0.375 0.275 0.433 0.208 0.325 0.275 0.217 0.1   0.166 0.083 0.141
 0.116 0.141 0.166]",1,sb_int-additive_comp-vsmean_gbatt-true_gbalt-true_lk-gaze-dependent_inh-free,0
5143,22,3,194,attraction,B,R,0,competitor,4650.0,0.78,0.65,0.63,9,15,14,2,0,1,False,True,True,[1 1 1 2 2 2 0 0 0 2 1 1 0],[0 0 0 0 0 0 0 0 0 1 0 0 0],"[0.15     0.166    0.1      0.158    0.592    0.141    0.15     0.492
 0.083    0.233    0.166    0.125    0.134955]",0,sb_int-additive_comp-vsmean_gbatt-true_gbalt-true_lk-gaze-dependent_inh-free,0
5144,22,3,195,compromise,B,R,1,target,7210.0,0.72,0.68,0.58,8,15,32,0,2,1,True,False,False,[0 0 0 2 2 1 2 0 2 1 1 0 0 1 2 1 0 2 2 2 2],[0 1 1 1 1 1 1 0 1 1 1 0 0 0 0 1 0 1 1 0 0],"[0.133    0.158    0.116    0.183    0.308    0.425    0.116    0.15
 0.233    0.133    0.083    0.133    0.383    0.258    0.241    0.108
 0.433    0.15     0.191    0.241    0.117719]",2,sb_int-additive_comp-vsmean_gbatt-true_gbalt-true_lk-gaze-dependent_inh-free,0
5145,22,3,196,compromise,B,R,1,target,6980.0,0.75,0.68,0.55,8,14,31,0,2,1,True,True,True,[0 2 2 2 2 1 1 1 2 2 0 0 2 2 1 2 2 1 1 1 1 2],[1 1 1 1 1 1 1 0 0 0 0 0 0 0 0 0 1 1 1 0 0 0],"[0.225    0.216    0.483    0.158    0.183    0.192    0.316    0.083
 0.083    0.125    0.525    0.125    0.208    0.125    0.225    0.108
 0.266    0.108    0.358    0.1      0.091    0.127604]",2,sb_int-additive_comp-vsmean_gbatt-true_gbalt-true_lk-gaze-dependent_inh-free,0
5146,22,3,197,compromise,B,R,1,target,3460.0,0.78,0.65,0.52,9,14,31,1,2,0,True,True,True,[0 2 2 0 1 0 0 1 1 2 0 1 1],[0 0 1 1 1 0 0 0 0 0 1 1 1],"[0.108    0.2      0.083    0.233    0.325    0.183    0.133    0.133
 0.116    0.342    0.1      0.108    0.405802]",1,sb_int-additive_comp-vsmean_gbatt-true_gbalt-true_lk-gaze-dependent_inh-free,0
5147,22,3,198,compromise,A,L,2,decoy,4240.0,0.75,0.65,0.85,9,15,7,2,1,0,True,False,True,[2 2 1 1 0 0 1 1 2 0 0 0 2 2 2 1 1],[1 1 1 1 1 1 1 1 0 0 1 0 0 1 1 1 1],"[0.133   0.125   0.108   0.225   0.083   0.233   0.15    0.2     0.317
 0.175   0.291   0.133   0.275   0.125   0.083   0.133   0.45602]",1,sb_int-additive_comp-vsmean_gbatt-true_gbalt-true_lk-gaze-dependent_inh-free,0
5148,22,3,199,compromise,A,R,0,target,4560.0,0.72,0.68,0.82,9,15,6,2,1,0,True,False,False,[2 2 1 1 1 1 1 1 0 0 0 0 2 2 0],[1 1 1 0 0 1 1 1 0 0 1 1 1 1 0],"[0.141    0.1      0.266    0.125    0.158    0.141    0.108    0.125
 0.125    0.458    0.1      0.133    0.158    0.291    0.258874]",1,sb_int-additive_comp-vsmean_gbatt-true_gbalt-true_lk-gaze-dependent_inh-free,0
5149,22,3,200,attraction,A,R,0,target,2450.0,0.75,0.65,0.73,9,15,8,2,0,1,False,True,False,[1 1 2 0 0 2 0],[0 0 1 0 0 0 1],[0.158 0.392 0.3   0.175 0.275 0.216 0.108],2,sb_int-additive_comp-vsmean_gbatt-true_gbalt-true_lk-gaze-dependent_inh-free,0
5150,22,3,201,attraction,A,M,0,target,4090.0,0.78,0.62,0.76,8,15,7,1,0,2,False,False,False,[1 1 0 2 0 0 2 0 1 1 1 1 0 2],[1 1 1 1 1 1 1 0 0 0 1 1 1 1],"[0.217 0.275 0.266 0.467 0.317 0.15  0.267 0.392 0.116 0.15  0.208 0.083
 0.133 0.25 ]",1,sb_int-additive_comp-vsmean_gbatt-true_gbalt-true_lk-gaze-dependent_inh-free,0
5151,22,3,202,compromise,A,R,1,competitor,5120.0,0.78,0.68,0.82,9,15,7,1,2,0,True,True,True,[2 2 0 1 1 0 0 0 0 1 1 2 1 0 1 2 2 2],[0 0 1 1 1 0 1 0 0 0 0 0 1 1 1 1 1 1],"[0.083    0.4      0.308    0.091    0.358    0.175    0.192    0.125
 0.225    0.083    0.208    0.308    0.133    0.225    0.275    0.116
 0.1      0.038764]",2,sb_int-additive_comp-vsmean_gbatt-true_gbalt-true_lk-gaze-dependent_inh-free,0
5152,22,3,203,attraction,A,R,0,target,3330.0,0.72,0.65,0.7,8,14,7,2,1,0,True,True,True,[1 2 1 0 2 0 2 1 1],[0 0 1 1 0 1 0 0 0],"[0.133    0.15     0.3      0.283    0.233    0.208    0.258    0.233
 0.143094]",1,sb_int-additive_comp-vsmean_gbatt-true_gbalt-true_lk-gaze-dependent_inh-free,0
5153,22,3,204,compromise,B,L,1,target,3980.0,0.72,0.68,0.52,9,15,32,1,0,2,False,True,True,[1 1 1 0 2 0 0 0 1 0 1 1],[0 0 0 0 1 0 1 1 0 1 0 0],"[0.125    0.2      0.35     0.333    0.367    0.158    0.108    0.15
 0.35     0.2      0.35     0.190428]",1,sb_int-additive_comp-vsmean_gbatt-true_gbalt-true_lk-gaze-dependent_inh-free,0
5154,22,3,205,attraction,A,M,0,target,2890.0,0.75,0.68,0.73,8,14,7,1,2,0,False,True,True,[0 2 0 1 1 0 2 0],[1 1 0 0 0 1 0 1],[0.183    0.141    0.325    0.091    0.125    0.191    0.325    0.482718],0,sb_int-additive_comp-vsmean_gbatt-true_gbalt-true_lk-gaze-dependent_inh-free,0
5155,22,3,206,compromise,A,R,2,decoy,4550.0,0.78,0.68,0.85,8,15,6,0,1,2,True,True,True,[1 0 0 1 1 2 0 0 0 2 2 0 2 2],[0 1 1 1 1 1 1 0 0 0 1 0 0 1],"[0.183    0.091    0.275    0.083    0.525    0.509    0.166    0.166
 0.183    0.375    0.15     0.225    0.225    0.158697]",2,sb_int-additive_comp-vsmean_gbatt-true_gbalt-true_lk-gaze-dependent_inh-free,0
5156,22,3,207,compromise,A,M,2,decoy,5910.0,0.75,0.62,0.88,8,15,7,2,0,1,False,True,False,[1 1 1 1 2 2 1 0 0 2 2 0 0 2 2 2 0 2 0 0 0],[1 1 0 0 0 1 0 0 0 1 0 1 0 0 1 1 1 0 0 1 0],"[0.091    0.108    0.208    0.266    0.4      0.375    0.158    0.166
 0.208    0.15     0.166    0.242    0.108    0.125    0.383    0.275
 0.2      0.242    0.2      0.15     0.059837]",2,sb_int-additive_comp-vsmean_gbatt-true_gbalt-true_lk-gaze-dependent_inh-free,0
5157,22,3,208,attraction,A,L,0,target,4400.0,0.75,0.65,0.73,9,14,8,0,2,1,True,True,False,[0 0 0 2 0 1 1 2 2 0 0 2 1 1 1],[0 0 0 0 1 0 0 1 0 0 0 1 0 1 0],"[0.108    0.183    0.116    0.392    0.158    0.091    0.208    0.108
 0.292    0.133    0.1      0.267    0.15     0.308    0.103182]",1,sb_int-additive_comp-vsmean_gbatt-true_gbalt-true_lk-gaze-dependent_inh-free,0
5158,22,3,209,compromise,B,R,1,target,5980.0,0.72,0.68,0.55,8,14,32,0,2,1,True,False,False,[0 2 2 1 1 0 0 0 1 1 1 1 0 0 0 1 2 2 2 2 1 1],[0 1 1 1 1 1 1 0 1 0 0 1 0 0 1 1 1 1 0 0 0 1],"[0.125    0.175    0.408    0.208    0.191    0.083    0.083    0.175
 0.158    0.191    0.233    0.25     0.1      0.116    0.158    0.217
 0.116    0.3      0.25     0.125    0.15     0.022563]",1,sb_int-additive_comp-vsmean_gbatt-true_gbalt-true_lk-gaze-dependent_inh-free,0
5159,22,3,210,attraction,A,M,0,target,3140.0,0.78,0.68,0.76,9,15,8,1,2,0,False,True,True,[0 2 0 0 1 0 0 2 0 0 0],[1 0 0 0 0 1 1 0 0 1 1],"[0.133    0.2      0.158    0.175    0.283    0.1      0.175    0.233
 0.125    0.083    0.232874]",2,sb_int-additive_comp-vsmean_gbatt-true_gbalt-true_lk-gaze-dependent_inh-free,0
5160,22,3,211,attraction,B,R,1,target,5570.0,0.72,0.62,0.6,8,15,14,0,2,1,True,True,True,[0 2 2 1 2 2 0 0 0 0 0 2 0 0 1 2 1 1],[1 1 1 1 0 0 0 0 1 1 1 1 0 0 1 1 0 0],"[0.1      0.266    0.425    0.55     0.175    0.116    0.091    0.216
 0.116    0.116    0.083    0.258    0.225    0.116    0.467    0.2
 0.1      0.052624]",1,sb_int-additive_comp-vsmean_gbatt-true_gbalt-true_lk-gaze-dependent_inh-free,0
5161,22,3,212,compromise,B,R,1,target,4970.0,0.72,0.65,0.52,9,15,31,1,2,0,True,False,False,[0 0 2 2 0 0 1 0 0 0 1 0 1 1 1 1],[1 0 1 1 0 0 0 0 1 1 1 0 0 0 1 1],"[0.133    0.116    0.158    0.417    0.083    0.317    0.634    0.25
 0.233    0.158    0.091    0.266    0.15     0.175    0.358    0.056852]",1,sb_int-additive_comp-vsmean_gbatt-true_gbalt-true_lk-gaze-dependent_inh-free,0
5162,22,3,213,compromise,B,M,1,target,6450.0,0.75,0.65,0.55,9,14,31,2,1,0,False,False,False,[2 2 2 2 1 1 0 1 2 2 1 1 1 1 2 0 0 0 1 1],[1 1 1 1 1 1 1 1 1 1 1 1 0 0 0 0 0 0 0 1],"[0.166    0.392    1.318    0.191    0.133    0.358    0.3      0.192
 0.233    0.158    0.108    0.116    0.158    0.367    0.083    0.1
 0.325    0.208    0.141    0.172478]",1,sb_int-additive_comp-vsmean_gbatt-true_gbalt-true_lk-gaze-dependent_inh-free,0
5163,22,3,214,filler,,L,2,,2210.0,0.31,0.38,0.85,32,26,11,1,2,0,True,True,True,[0 0 0 0 0 1 2 2],[0 1 1 1 1 1 0 0],[0.216    0.125    0.141    0.108    0.2      0.367    0.15     0.063538],2,sb_int-additive_comp-vsmean_gbatt-true_gbalt-true_lk-gaze-dependent_inh-free,0
5164,22,3,215,compromise,A,R,1,competitor,5260.0,0.72,0.68,0.82,9,15,6,1,2,0,True,False,False,[2 2 0 0 1 1 0 0 0 1 0 0 0 0 1 1 0 0 2 1 1],[0 1 0 0 0 0 0 0 1 1 1 1 0 0 0 0 0 0 1 0 0],"[0.108  0.35   0.125  0.15   0.333  0.217  0.191  0.158  0.208  0.133
 0.083  0.216  0.116  0.108  0.108  0.108  0.141  0.116  0.183  0.108
 0.0724]",2,sb_int-additive_comp-vsmean_gbatt-true_gbalt-true_lk-gaze-dependent_inh-free,0
5165,22,3,216,attraction,B,R,1,target,4960.0,0.75,0.68,0.66,8,14,13,0,2,1,False,True,True,[0 0 0 2 1 2 2 0 0 2 1 2 2 2],[1 1 1 1 1 1 1 1 1 1 1 0 0 0],"[0.175 0.408 0.6   0.35  0.475 0.233 0.099 0.2   0.108 0.2   0.133 0.275
 0.091 0.133]",2,sb_int-additive_comp-vsmean_gbatt-true_gbalt-true_lk-gaze-dependent_inh-free,0
5166,22,3,217,attraction,A,L,0,target,4690.0,0.72,0.65,0.7,9,15,8,0,2,1,False,False,False,[0 0 2 2 1 2 0 2 0 0 2 1 1 1 1 0 1 0 0],[1 1 1 1 1 1 1 1 1 1 0 0 1 1 0 1 1 1 1],"[0.141    0.25     0.125    0.158    0.383    0.15     0.175    0.208
 0.167    0.091    0.358    0.233    0.15     0.2      0.233    0.175
 0.091    0.15     0.047721]",1,sb_int-additive_comp-vsmean_gbatt-true_gbalt-true_lk-gaze-dependent_inh-free,0
5167,22,3,218,compromise,B,M,0,competitor,3230.0,0.75,0.62,0.58,9,14,32,1,0,2,True,True,False,[0 1 0 0 0 0 2 0 0 1],[0 0 0 0 1 1 0 1 0 0],"[0.125    0.175    0.166    0.133    0.333    0.141    0.141    0.116
 0.233    0.139298]",0,sb_int-additive_comp-vsmean_gbatt-true_gbalt-true_lk-gaze-dependent_inh-free,0
5168,22,3,219,compromise,A,M,0,target,5500.0,0.75,0.65,0.82,9,15,6,1,0,2,True,True,True,[1 1 0 2 0 0 0 0 0 0 0 1 0 0 1 2 2 0],[0 0 1 1 1 1 0 0 0 0 0 0 1 0 0 1 1 1],"[0.141    0.083    0.267    0.367    0.233    0.116    0.141    0.091
 0.133    0.158    0.091    0.133    0.216    0.133    0.242    0.2
 0.15     0.107798]",2,sb_int-additive_comp-vsmean_gbatt-true_gbalt-true_lk-gaze-dependent_inh-free,0
5169,22,3,220,attraction,A,M,0,target,2550.0,0.78,0.68,0.76,8,15,7,1,0,2,True,True,True,[0 2 0 0 0],[1 1 0 0 1],[0.275    0.442    0.358    0.1      0.153603],0,sb_int-additive_comp-vsmean_gbatt-true_gbalt-true_lk-gaze-dependent_inh-free,0
5170,22,3,221,compromise,A,R,0,target,3250.0,0.78,0.65,0.82,9,14,7,2,0,1,False,False,False,[1 1 2 0 0 2 2 0 0],[1 1 1 1 1 0 1 1 1],"[0.158    0.208    0.35     0.267    0.225    0.375    0.1      0.1
 0.330299]",2,sb_int-additive_comp-vsmean_gbatt-true_gbalt-true_lk-gaze-dependent_inh-free,0
5171,22,3,222,compromise,B,R,1,target,3870.0,0.72,0.62,0.55,9,14,32,1,2,0,True,False,False,[2 2 0 1 1 0 1 0 0 1 2],[1 1 0 0 0 1 1 0 0 0 0],[0.3   0.116 0.367 0.275 0.141 0.3   0.2   0.216 0.091 0.433 0.125],0,sb_int-additive_comp-vsmean_gbatt-true_gbalt-true_lk-gaze-dependent_inh-free,0
5172,22,3,223,compromise,B,M,1,target,3560.0,0.72,0.65,0.55,8,15,32,2,1,0,True,True,False,[1 1 2 2 1 1 0 0 1 1 1 1],[0 0 1 0 1 1 1 1 0 0 1 0],[0.158 0.125 0.1   0.083 0.15  0.175 0.125 0.108 0.216 0.183 0.367 0.283],1,sb_int-additive_comp-vsmean_gbatt-true_gbalt-true_lk-gaze-dependent_inh-free,0
5173,22,3,224,attraction,A,L,0,target,3010.0,0.78,0.62,0.76,9,14,8,0,1,2,False,False,True,[0 0 0 1 1 2 0 0 2 2],[1 1 1 1 1 1 1 1 0 0],[0.083 0.225 0.216 0.175 0.133 0.4   0.091 0.158 0.108 0.216],2,sb_int-additive_comp-vsmean_gbatt-true_gbalt-true_lk-gaze-dependent_inh-free,0
5174,22,3,225,compromise,B,L,1,target,4270.0,0.72,0.65,0.58,8,15,31,1,0,2,False,False,False,[0 1 1 0 2 1 1 1 0 0 1 1 1 0 2 2 2 1],[1 1 1 1 1 1 1 1 1 0 0 0 1 1 1 1 0 1],"[0.116    0.183    0.208    0.283    0.308    0.125    0.1      0.091
 0.225    0.375    0.158    0.083    0.3      0.116    0.108    0.266
 0.233    0.178274]",1,sb_int-additive_comp-vsmean_gbatt-true_gbalt-true_lk-gaze-dependent_inh-free,0
